Ambient Temperature(C): 24.3
Ambient Pressure(in Hg): 29.3
Time(s)	T1(Deg C)	Wall Temp(Deg C)	Top Plate(Deg C)	Bottom Plate(Deg C)	P1(PSI)	P2(PSI)	Mass Flowrate(g/min)	Heater Energy (kJ)

0.00	35.20	35.80	32.00	28.80	1.20	1.70	0.00	0.00
0.10	35.10	35.90	32.00	28.80	1.00	2.00	0.00	0.00
0.20	35.10	35.90	32.00	28.80	1.20	2.10	0.00	0.00
0.30	35.20	35.90	32.00	28.80	1.20	2.10	0.00	0.00
0.40	35.10	35.70	32.00	28.70	0.60	2.00	0.00	0.00
0.50	35.10	35.70	32.00	28.70	0.60	2.00	0.00	0.00
0.60	35.20	36.00	32.10	28.80	1.20	2.00	0.00	0.00
0.70	35.10	35.70	31.90	28.70	1.00	1.80	0.00	0.00
0.80	35.10	35.70	31.90	28.70	1.20	-0.20	0.00	0.00
0.90	35.10	35.80	32.00	28.80	1.20	1.50	0.00	0.00
1.00	35.30	35.90	32.10	28.70	1.00	2.00	0.00	0.00
1.10	35.30	35.90	32.10	28.70	0.70	2.00	0.00	0.00
1.20	35.20	35.90	32.00	28.70	0.90	2.40	0.00	0.00
1.30	35.20	35.90	32.00	28.70	1.00	2.10	0.00	0.00
1.40	35.10	35.80	32.00	28.70	1.00	2.10	0.00	0.00
1.50	35.30	36.00	32.00	28.80	0.70	2.00	0.00	0.00
1.60	35.30	35.80	32.00	28.60	0.70	1.70	0.00	0.00
1.70	35.30	35.80	32.00	28.60	0.90	1.80	0.00	0.00
1.80	35.20	35.80	32.00	28.70	0.70	1.70	0.00	0.00
1.90	35.20	35.80	31.90	28.70	1.20	2.10	0.00	0.00
2.00	35.20	35.80	31.90	28.70	0.90	2.30	0.00	0.00
2.10	35.30	35.90	32.00	28.70	0.70	2.30	0.00	0.00
2.20	35.30	35.90	32.00	28.70	1.20	2.10	0.00	0.00
2.30	35.20	35.90	31.90	28.60	0.70	2.10	0.00	0.00
2.40	35.40	36.00	32.00	28.70	0.70	2.10	0.00	0.00
2.50	35.40	36.00	32.00	28.70	1.20	2.00	0.00	0.00
2.60	35.30	35.90	32.10	28.70	1.20	2.30	0.00	0.00
2.70	35.30	35.80	32.00	28.70	0.60	1.80	0.00	0.00
2.80	35.30	35.80	32.00	28.70	1.20	1.70	0.00	0.00
2.90	35.30	35.90	32.10	28.70	0.70	1.80	0.00	0.00
3.00	35.30	35.90	32.10	28.70	1.20	2.00	0.00	0.00
3.10	35.30	35.90	32.00	28.90	1.30	1.80	0.00	0.00
3.20	35.20	35.80	31.90	28.70	0.90	2.10	0.00	0.00
3.30	35.20	35.80	31.90	28.70	0.90	2.10	0.00	0.00
3.40	35.20	35.90	32.00	28.70	1.50	1.70	0.00	0.00
3.50	35.40	35.90	32.00	28.70	1.30	2.00	0.00	0.00
3.60	35.40	35.90	32.00	28.70	1.00	1.70	0.00	0.00
3.70	35.20	35.80	31.80	28.60	1.00	2.00	0.00	0.00
3.80	35.20	35.80	31.80	28.60	1.20	1.80	0.00	0.00
3.90	35.40	35.90	32.00	28.80	1.50	1.80	0.00	0.00
4.00	35.50	35.80	32.00	28.80	0.90	2.00	0.00	0.00
4.10	35.50	35.80	32.00	28.80	1.20	2.30	0.00	0.00
4.20	35.40	35.90	32.00	28.70	1.00	1.80	0.00	0.00
4.30	35.40	35.80	32.00	28.60	1.00	1.80	0.00	0.00
4.40	35.40	35.80	32.00	28.60	1.00	2.00	0.00	0.00
4.50	35.40	36.00	32.00	28.70	1.50	1.70	0.00	0.00
4.60	34.40	35.90	32.00	28.70	1.30	2.30	0.45	0.00
4.70	34.40	35.90	32.00	28.70	3.20	3.30	8.60	0.00
4.80	35.20	35.70	32.00	28.70	3.00	1.80	2.08	0.00
4.90	35.80	35.90	32.00	28.90	2.60	2.30	0.56	0.00
5.00	35.80	35.90	32.00	28.90	3.00	2.00	0.19	0.00
5.10	36.00	35.80	32.10	28.80	3.00	2.10	0.04	0.00
5.20	36.20	35.90	32.00	28.70	3.00	2.10	-0.55	0.00
5.30	36.20	35.90	32.00	28.70	3.00	2.10	-0.68	0.00
5.40	36.20	35.90	31.90	28.80	2.90	2.40	-0.71	0.00
5.50	36.20	35.90	31.90	28.80	2.90	2.10	-0.72	0.00
5.60	36.40	35.90	32.00	28.70	2.90	2.60	-0.72	0.00
5.70	36.50	35.80	32.10	28.90	3.00	2.10	-0.72	0.00
5.80	36.50	35.80	32.10	28.90	2.90	1.80	-0.72	0.00
5.90	36.40	35.90	32.00	28.70	3.70	2.10	-0.72	0.00
6.00	36.40	35.80	32.00	28.70	2.90	0.10	-0.72	0.00
6.10	36.40	35.80	32.00	28.70	2.90	0.10	-0.72	0.00
6.20	36.30	35.80	32.00	28.80	3.20	2.30	-0.21	0.00
6.30	36.30	35.80	32.00	28.80	2.30	2.40	-0.05	0.00
6.40	36.40	35.80	32.10	28.90	3.00	2.40	-0.01	0.00
6.50	36.30	36.00	32.00	28.80	2.70	2.30	-0.01	0.00
6.60	36.30	36.00	32.00	28.80	2.90	2.00	0.00	0.00
6.70	36.20	35.90	31.90	28.70	3.00	2.90	0.00	0.00
6.80	36.20	35.90	31.90	28.90	2.60	2.30	0.00	0.00
6.90	36.20	35.90	31.90	28.90	2.60	2.10	0.00	0.00
7.00	36.20	35.90	32.00	28.60	2.90	2.40	0.00	0.00
7.10	36.10	35.80	31.90	28.70	2.70	1.80	0.00	0.00
7.20	36.10	35.80	31.90	28.70	2.40	2.10	0.00	0.00
7.30	36.00	35.70	31.90	28.70	2.70	2.60	0.00	0.00
7.40	36.00	35.70	31.90	28.70	2.60	2.40	0.00	0.00
7.50	36.20	35.80	32.00	28.80	2.40	2.10	0.00	0.00
7.60	36.20	35.80	32.00	28.80	2.70	2.10	0.00	0.00
7.70	36.10	35.90	32.00	28.80	2.60	2.40	0.00	0.00
7.80	36.10	35.90	32.00	28.90	2.70	2.30	0.00	0.00
7.90	36.10	35.90	32.00	28.90	3.00	2.30	0.00	0.00
8.00	36.10	35.90	32.10	28.80	3.00	2.30	0.00	0.00
8.10	36.20	35.80	32.00	28.80	2.70	2.30	0.00	0.00
8.20	36.20	35.80	32.00	28.80	2.90	2.40	0.00	0.00
8.30	36.00	35.80	31.80	28.70	2.70	3.50	0.00	0.00
8.40	35.90	35.90	32.00	28.80	2.90	2.30	0.00	0.00
8.50	35.90	35.90	32.00	28.80	3.30	2.00	0.00	0.00
8.60	35.90	35.80	31.90	28.80	2.70	2.30	0.00	0.00
8.70	35.90	36.10	32.00	28.90	2.90	2.70	0.00	0.00
8.80	35.90	36.10	32.00	28.90	2.10	2.30	0.00	0.00
8.90	35.90	35.80	31.90	28.70	2.90	2.60	0.00	0.00
9.00	35.90	35.90	32.00	28.80	2.90	2.60	0.00	0.00
9.10	35.90	35.90	32.00	28.80	2.70	2.40	0.00	0.00
9.20	35.90	35.90	32.00	28.80	2.70	2.70	0.00	0.00
9.30	35.80	35.80	31.90	28.80	3.00	2.30	0.00	0.00
9.40	35.80	35.80	31.90	28.80	3.20	2.40	0.00	0.00
9.50	35.90	35.80	31.90	28.90	3.00	2.30	0.00	0.00
9.60	35.90	35.80	31.90	28.90	2.70	2.30	0.00	0.00
9.70	35.80	35.90	32.00	28.90	2.70	2.30	0.00	0.00
9.80	35.90	35.90	32.00	28.80	2.70	2.30	0.00	0.00
9.90	35.90	35.90	32.00	28.80	2.90	2.30	0.00	0.00
10.00	36.10	35.90	32.00	28.90	2.90	2.10	0.00	0.00
10.10	35.90	35.80	32.00	28.90	2.40	2.10	0.00	0.00
10.20	35.90	35.80	32.00	28.90	2.90	2.60	0.00	0.00
10.30	35.90	35.80	31.90	28.80	2.60	2.40	0.00	0.00
10.40	35.90	35.80	31.90	28.80	2.60	2.40	0.00	0.00
10.50	35.90	35.80	32.00	28.90	3.00	2.40	0.00	0.00
10.60	36.00	35.80	32.00	28.80	2.70	2.40	0.00	0.00
10.70	36.00	35.80	32.00	28.80	2.30	2.40	0.00	0.00
10.80	35.80	35.80	31.90	28.70	2.60	2.30	0.00	0.00
10.90	36.00	35.90	32.10	29.00	2.70	2.30	0.00	0.00
11.00	36.00	35.90	32.10	29.00	2.30	2.40	0.00	0.00
11.10	35.90	35.80	32.00	28.90	2.70	2.40	0.00	0.00
11.20	35.90	35.80	32.00	28.90	2.70	2.10	0.00	0.00
11.30	36.00	36.00	32.00	28.90	3.30	2.40	0.45	0.00
11.40	35.90	35.80	32.00	28.90	3.00	2.10	7.89	0.00
11.50	36.00	35.90	31.90	28.80	2.90	2.00	9.66	0.00
11.60	36.00	35.90	31.90	28.80	2.60	2.40	10.04	0.00
11.70	36.00	35.90	32.10	28.80	2.90	2.40	10.10	0.00
11.80	36.00	35.90	32.10	28.80	2.90	2.40	10.10	0.00
11.90	36.10	35.80	31.90	28.70	2.30	2.40	10.09	0.00
12.00	36.30	35.90	32.00	29.00	2.90	2.70	10.07	0.00
12.10	36.30	35.90	32.00	29.00	2.40	2.00	10.06	0.00
12.20	36.20	35.80	32.00	28.90	3.30	3.20	10.05	0.00
12.30	36.30	35.90	32.00	28.90	3.00	2.00	10.04	0.00
12.40	36.30	35.90	32.00	28.90	3.30	3.30	10.03	0.00
12.50	36.40	35.90	32.00	28.80	3.20	2.30	10.02	0.00
12.60	36.30	35.90	32.00	28.80	3.20	2.60	10.02	0.00
12.70	36.30	35.90	32.00	28.80	3.20	2.60	10.02	0.00
12.80	36.40	35.90	31.90	28.80	2.90	2.30	10.01	0.00
12.90	36.40	35.90	31.90	28.80	3.00	2.30	10.01	0.00
13.00	36.60	36.00	32.10	28.90	3.50	2.10	10.01	0.00
13.10	36.50	35.80	31.90	28.70	3.50	2.00	10.01	0.00
13.20	36.50	35.80	31.90	28.70	4.30	2.10	10.01	0.00
13.30	36.60	35.80	31.90	28.80	3.50	2.40	10.01	0.00
13.40	36.70	35.90	31.90	28.80	3.50	2.00	10.01	0.00
13.50	36.70	35.90	31.90	28.80	3.30	2.30	10.01	0.00
13.60	36.80	35.90	32.00	28.70	3.70	2.70	10.01	0.00
13.70	36.90	35.70	31.90	28.80	3.70	2.70	10.01	0.00
13.80	36.90	35.70	31.90	28.80	2.00	2.60	10.01	0.00
13.90	36.80	35.90	31.90	28.80	3.30	2.40	10.01	0.00
14.00	36.90	35.90	31.90	28.80	3.00	1.80	10.01	0.00
14.10	36.90	35.90	31.90	28.80	3.80	2.10	10.01	0.00
14.20	37.00	36.00	32.00	28.90	3.70	2.10	10.01	0.00
14.30	37.00	35.90	32.00	28.80	3.50	2.30	10.01	0.00
14.40	37.00	35.90	32.00	28.80	4.10	1.70	17.13	0.00
14.50	36.90	35.80	31.80	28.80	4.00	2.40	19.48	0.00
14.60	37.00	35.90	32.10	28.90	4.00	2.40	19.94	0.00
14.70	37.00	35.90	32.10	28.90	2.60	2.70	20.02	0.00
14.80	37.10	35.80	32.00	28.90	3.30	2.30	20.03	0.00
14.90	36.90	35.70	31.80	28.70	4.30	2.30	20.02	0.00
15.00	36.90	35.70	31.80	28.70	4.00	2.30	20.02	0.00
15.10	37.20	35.80	31.90	28.80	4.30	2.40	20.01	0.00
15.20	37.20	35.70	31.90	28.70	4.30	2.40	20.01	0.00
15.30	37.20	35.70	31.90	28.70	4.00	2.40	20.01	0.00
15.40	37.40	35.80	31.90	28.80	4.40	1.50	20.01	0.00
15.50	37.50	35.70	31.90	28.80	4.40	1.50	20.01	0.00
15.60	37.50	35.70	31.90	28.80	4.00	2.40	20.01	0.00
15.70	37.50	35.70	32.00	28.70	4.70	2.60	20.01	0.00
15.80	37.50	35.70	32.00	28.70	5.50	2.30	20.01	0.00
15.90	37.70	35.90	32.00	28.80	4.70	2.00	20.01	0.00
16.00	37.70	35.80	32.10	28.80	4.70	2.30	20.01	0.00
16.10	37.70	35.80	32.10	28.80	4.70	1.80	20.01	0.00
16.20	37.60	35.80	32.00	28.80	4.60	1.80	20.01	0.00
16.30	37.70	35.80	31.80	28.70	4.90	2.00	20.01	0.00
16.40	37.70	35.80	31.80	28.70	4.90	2.30	20.01	0.00
16.50	37.80	35.90	32.00	28.80	5.50	2.30	20.01	0.00
16.60	37.90	35.70	32.00	28.90	5.00	2.40	20.01	0.00
16.70	37.90	35.70	32.00	28.90	5.20	2.30	20.01	0.00
16.80	37.90	35.90	32.00	28.80	5.20	2.10	20.01	0.00
16.90	37.90	35.90	32.00	28.80	5.20	2.00	20.01	0.00
17.00	38.00	35.90	31.90	28.80	5.00	2.30	20.01	0.00
17.10	38.10	36.00	32.20	28.90	5.50	1.80	20.01	0.00
17.20	38.10	36.00	32.20	28.90	5.20	2.30	20.01	0.00
17.30	38.00	35.70	31.90	28.70	5.80	2.30	20.01	0.00
17.40	38.00	35.80	31.90	28.70	5.80	2.30	20.01	0.00
17.50	38.00	35.80	31.90	28.70	5.00	2.30	20.01	0.00
17.60	38.10	35.90	32.00	28.80	4.70	2.10	20.01	0.00
17.70	38.00	35.80	31.80	28.80	5.50	2.70	20.01	0.00
17.80	38.00	35.80	31.80	28.80	6.00	2.30	20.01	0.00
17.90	38.00	35.90	32.00	28.70	5.70	2.40	20.01	0.00
18.00	38.30	35.80	32.10	28.90	6.10	2.10	27.47	0.00
18.10	38.30	35.80	32.10	28.90	6.30	-0.20	29.53	0.00
18.20	38.20	36.00	32.00	28.90	6.10	2.30	29.93	0.00
18.30	38.20	35.80	32.00	28.80	6.10	2.30	30.00	0.00
18.40	38.20	35.80	32.00	28.80	6.30	2.30	30.01	0.00
18.50	38.40	35.90	32.00	28.80	6.60	2.40	30.01	0.00
18.60	38.30	35.70	31.90	28.80	6.40	2.60	30.00	0.00
18.70	38.30	35.70	31.90	28.80	6.90	2.30	30.00	0.00
18.80	38.50	35.80	31.90	28.80	6.60	2.70	30.00	0.00
18.90	38.60	35.90	32.00	28.80	6.70	2.00	30.00	0.00
19.00	38.60	35.90	32.00	28.80	6.90	2.10	30.00	0.00
19.10	38.60	35.60	31.80	28.80	6.90	2.30	29.90	0.00
19.20	38.60	35.60	31.80	28.80	7.00	2.10	29.98	0.00
19.30	38.70	35.80	32.00	28.80	7.00	2.10	30.01	0.00
19.40	38.70	35.70	31.80	28.70	7.00	2.40	30.01	0.00
19.50	38.80	35.90	32.00	28.80	7.00	2.10	30.01	0.00
19.60	38.80	35.90	32.00	28.80	7.70	2.10	30.01	0.00
19.70	38.80	35.90	32.00	28.90	7.30	2.10	30.01	0.00
19.80	38.80	35.90	32.00	28.90	7.30	2.30	30.01	0.00
19.90	38.90	35.80	31.90	28.80	7.30	2.00	30.02	0.00
20.00	39.00	35.70	31.90	28.80	7.30	2.40	30.01	0.00
20.10	39.00	35.70	31.90	28.80	7.50	2.10	30.01	0.00
20.20	39.00	35.70	32.00	28.80	7.50	2.10	30.02	0.00
20.30	39.10	35.80	32.10	28.90	7.50	2.30	37.49	0.00
20.40	39.10	35.80	32.10	28.90	8.00	2.10	39.53	0.00
20.50	39.10	35.80	32.00	28.70	7.00	2.10	39.93	0.00
20.60	39.10	35.80	32.00	28.70	8.60	2.30	40.00	0.00
20.70	39.20	35.70	31.90	28.80	8.10	2.10	40.00	0.00
20.80	39.20	35.70	32.00	28.70	8.60	2.30	40.00	0.00
20.90	39.20	35.70	32.00	28.70	7.00	2.70	40.00	0.00
21.00	39.40	35.80	31.90	28.70	8.60	2.10	39.98	0.00
21.10	39.40	35.80	31.90	28.90	8.30	2.30	40.02	0.00
21.20	39.40	35.80	31.90	28.90	9.20	2.40	40.00	0.00
21.30	39.40	35.80	31.90	28.70	8.90	2.10	40.00	0.00
21.40	39.60	35.80	32.00	28.80	9.50	2.40	39.93	0.00
21.50	39.60	35.80	32.00	28.80	9.50	2.40	40.04	0.00
21.60	39.60	35.80	31.80	28.80	9.30	2.30	40.06	0.00
21.70	39.80	35.80	31.90	29.00	9.20	2.10	39.95	0.00
21.80	39.80	35.80	31.90	29.00	10.00	2.70	40.01	0.00
21.90	39.80	35.70	31.90	28.70	10.10	3.20	40.01	0.00
22.00	39.80	35.70	31.90	28.70	10.00	2.00	40.01	0.00
22.10	39.80	35.80	31.90	28.80	10.00	2.00	40.01	0.00
22.20	39.80	35.80	32.00	28.80	10.40	2.30	40.01	0.00
22.30	39.80	35.80	32.00	28.80	10.60	2.60	40.02	0.00
22.40	40.00	35.70	32.00	28.70	10.10	2.10	40.02	0.00
22.50	39.90	35.80	32.00	28.80	10.60	2.30	40.03	0.00
22.60	39.90	35.80	32.00	28.80	10.40	2.40	40.02	0.00
22.70	40.10	35.70	31.80	28.70	10.60	2.30	40.03	0.00
22.80	40.20	35.80	31.90	28.90	10.30	2.30	47.51	0.00
22.90	40.20	35.80	31.90	28.90	11.80	2.90	49.52	0.00
23.00	40.10	35.80	31.90	28.90	11.80	2.90	49.95	0.00
23.10	40.20	35.70	32.00	28.80	12.30	2.00	49.98	0.00
23.20	40.20	35.70	32.00	28.80	11.20	2.40	50.01	0.00
23.30	40.30	35.80	32.00	28.80	11.50	2.40	50.02	0.00
23.40	40.30	35.80	32.00	28.80	12.00	2.30	50.02	0.00
23.50	40.30	35.70	31.90	28.80	12.10	2.30	50.01	0.00
23.60	40.50	35.80	31.90	28.80	12.40	2.30	50.01	0.00
23.70	40.50	35.80	31.90	28.80	12.60	2.30	50.02	0.00
23.80	40.60	35.80	32.00	28.90	12.10	2.30	50.02	0.00
23.90	40.70	35.90	32.10	28.90	12.70	2.40	50.01	0.00
24.00	40.70	35.90	32.10	28.90	12.70	2.40	50.02	0.00
24.10	40.60	35.80	32.00	28.90	12.60	2.10	50.01	0.00
24.20	40.80	35.70	32.00	28.80	12.70	1.70	50.02	0.00
24.30	40.80	35.70	32.00	28.80	12.70	2.00	50.02	0.00
24.40	40.80	35.70	32.00	28.80	13.20	2.40	50.02	0.00
24.50	40.90	35.80	32.00	28.80	13.80	2.00	50.02	0.00
24.60	40.90	35.80	32.00	28.80	13.70	2.40	50.02	0.00
24.70	40.90	35.70	31.90	28.90	13.70	2.10	50.02	0.00
24.80	40.90	35.70	31.90	28.90	14.00	2.60	50.02	0.00
24.90	40.80	35.70	31.90	28.80	14.00	2.60	50.02	0.00
25.00	41.00	35.80	32.00	28.90	13.80	2.70	50.02	0.00
25.10	41.00	35.80	32.00	28.90	14.10	2.30	50.03	0.00
25.20	41.00	35.80	32.00	29.00	14.30	2.30	50.02	0.00
25.30	41.10	35.60	31.90	28.80	14.40	2.30	50.02	0.00
25.40	41.10	35.60	31.90	28.80	14.60	1.80	50.02	0.00
25.50	41.10	35.70	31.90	28.80	14.90	2.30	50.02	0.00
25.60	41.20	35.70	31.90	28.80	14.70	2.00	50.03	0.00
25.70	41.20	35.70	31.90	28.80	15.20	2.00	50.02	0.00
25.80	41.20	35.70	31.90	28.80	15.20	2.00	50.02	0.00
25.90	41.30	35.80	32.00	28.90	15.00	2.30	50.03	0.00
26.00	41.30	35.80	32.00	28.90	15.20	2.40	50.02	0.00
26.10	41.30	35.70	31.90	28.70	15.30	2.30	50.02	0.00
26.20	41.30	35.70	31.90	28.70	15.20	2.30	50.02	0.00
26.30	41.30	35.80	31.90	28.80	15.70	2.40	50.02	0.00
26.40	41.30	35.60	31.90	28.80	15.80	1.80	50.03	0.00
26.50	41.30	35.60	31.90	28.80	16.10	2.00	50.02	0.00
26.60	41.40	35.70	31.90	28.70	16.00	2.10	50.03	0.00
26.70	41.40	35.80	31.90	28.80	16.00	2.10	50.02	0.00
26.80	41.40	35.80	31.90	28.80	16.40	2.10	50.02	0.00
26.90	41.50	35.70	31.90	28.80	16.60	2.60	50.02	0.00
27.00	41.50	35.60	32.00	28.80	16.70	2.00	50.03	0.00
27.10	41.50	35.60	32.00	28.80	17.20	2.60	50.02	0.00
27.20	41.50	35.80	31.90	28.90	17.00	2.30	50.02	0.00
27.30	41.60	35.80	32.10	28.90	17.20	2.10	50.03	0.00
27.40	41.60	35.80	32.10	28.90	17.20	1.80	50.02	0.00
27.50	41.40	35.80	32.00	28.90	18.40	1.80	50.01	0.00
27.60	41.60	35.70	31.90	29.00	17.70	2.70	50.02	0.00
27.70	41.60	35.70	31.90	29.00	17.70	2.70	50.02	0.00
27.80	41.40	35.60	31.90	28.80	18.10	2.10	50.02	0.00
27.90	41.40	35.60	31.90	28.80	18.30	2.00	50.02	0.00
28.00	41.40	35.60	31.90	28.80	18.60	2.10	50.02	0.00
28.10	41.60	35.90	32.10	28.90	17.20	2.40	50.01	0.00
28.20	41.50	35.80	32.00	28.90	18.90	2.60	50.03	0.00
28.30	41.50	35.80	32.00	28.90	18.70	2.10	50.02	0.00
28.40	41.50	35.70	32.00	28.80	18.90	2.30	50.03	0.00
28.50	41.70	35.80	32.00	28.90	17.50	2.30	50.01	0.00
28.60	41.70	35.80	32.00	28.90	17.50	2.30	50.03	0.00
28.70	41.60	35.70	31.90	28.80	19.40	2.10	50.02	0.00
28.80	41.60	35.60	32.00	28.90	19.70	2.10	50.03	0.00
28.90	41.60	35.60	32.00	28.90	19.80	2.10	50.02	0.00
29.00	41.70	35.70	32.00	28.80	19.80	2.10	50.02	0.00
29.10	41.60	35.70	31.90	28.90	19.70	2.30	50.03	0.00
29.20	41.60	35.70	31.90	28.90	20.00	2.30	50.02	0.00
29.30	41.50	35.70	31.90	28.90	20.10	2.00	50.02	0.00
29.40	41.30	35.60	31.90	28.80	20.00	2.10	50.02	0.00
29.50	41.30	35.60	31.90	28.80	20.00	2.10	50.03	0.00
29.60	41.60	35.60	31.90	29.00	20.60	2.60	50.02	0.00
29.70	41.60	35.60	31.90	28.80	20.70	2.10	50.03	0.00
29.80	41.60	35.60	31.90	28.80	20.90	2.30	50.03	0.00
29.90	41.60	35.60	31.90	28.80	21.70	2.10	50.02	0.00
30.00	41.70	35.70	32.00	29.00	21.20	2.10	50.03	0.00
30.10	41.70	35.70	32.00	29.00	21.20	2.60	50.02	0.00
30.20	41.70	35.60	32.00	28.90	19.70	2.10	50.03	0.00
30.30	41.70	35.60	32.00	28.90	21.80	2.00	50.02	0.00
30.40	41.70	35.60	32.00	28.80	21.70	2.00	50.02	0.00
30.50	41.70	35.60	32.00	28.80	22.90	1.70	50.02	0.00
30.60	41.60	35.60	31.90	28.80	22.30	2.40	50.03	0.00
30.70	41.60	35.70	31.90	28.90	22.30	2.40	50.03	0.00
30.80	41.60	35.70	31.90	28.90	22.10	1.80	50.04	0.00
30.90	41.70	35.70	32.00	28.80	22.60	2.10	50.03	0.00
31.00	41.80	35.70	32.00	28.90	22.30	2.10	50.02	0.00
31.10	41.80	35.70	32.00	28.90	22.40	1.80	50.02	0.00
31.20	41.60	35.50	31.80	28.70	22.70	2.40	50.03	0.00
31.30	41.60	35.50	32.00	28.90	23.00	2.30	50.03	0.00
31.40	41.60	35.50	32.00	28.90	23.00	2.30	50.03	0.00
31.50	41.70	35.60	32.00	28.90	23.40	1.70	50.03	0.00
31.60	41.70	35.70	31.90	28.80	23.70	2.30	50.03	0.00
31.70	41.70	35.70	31.90	28.80	23.80	2.10	50.03	0.00
31.80	41.80	35.60	31.90	28.80	23.80	2.00	50.03	0.00
31.90	41.80	35.60	31.90	28.80	23.50	2.30	50.03	0.00
32.00	41.70	35.60	31.90	29.00	23.80	2.10	50.04	0.00
32.10	41.60	35.70	31.90	28.90	23.80	2.70	50.03	0.00
32.20	41.60	35.70	31.90	28.90	23.70	2.70	50.03	0.00
32.30	41.60	35.50	31.70	28.70	23.70	2.70	50.03	0.00
32.40	41.80	35.70	31.90	28.80	24.70	2.10	50.03	0.00
32.50	41.80	35.70	31.90	28.80	24.70	2.40	50.03	0.00
32.60	41.80	35.70	31.90	29.00	24.60	2.10	50.04	0.00
32.70	41.80	35.70	32.00	29.00	24.70	2.40	50.03	0.00
32.80	41.80	35.70	32.00	29.00	25.00	2.40	50.04	0.00
32.90	41.90	35.70	32.00	28.90	25.50	2.00	50.03	0.00
33.00	41.90	35.60	31.80	28.90	25.00	2.40	50.04	0.00
33.10	41.90	35.60	31.80	28.90	25.20	2.10	50.04	0.00
33.20	41.70	35.60	31.80	28.80	25.50	2.40	50.03	0.00
33.30	41.90	35.80	32.00	29.00	25.50	2.40	50.03	0.00
33.40	41.90	35.80	32.00	29.00	25.80	2.60	50.03	0.00
33.50	41.90	35.60	32.00	28.90	25.80	2.60	50.03	0.00
33.60	41.90	35.70	32.10	29.00	25.80	2.40	50.03	0.00
33.70	41.90	35.70	32.10	29.00	26.10	2.40	50.04	0.00
33.80	42.00	35.70	32.10	29.00	26.10	2.40	50.03	0.00
33.90	41.90	35.70	31.90	28.80	26.60	2.40	50.04	0.00
34.00	41.90	35.70	31.90	28.80	26.90	2.10	50.03	0.00
34.10	42.00	35.70	32.00	28.90	26.70	1.80	50.04	0.00
34.20	42.00	35.60	31.90	28.80	26.70	1.80	50.03	0.00
34.30	42.00	35.60	31.90	28.80	26.90	2.00	50.03	0.00
34.40	41.90	35.70	31.90	28.80	27.50	2.60	50.03	0.00
34.50	41.90	35.70	31.90	28.80	27.40	2.10	50.03	0.00
34.60	42.00	35.70	32.00	28.80	27.00	2.40	50.04	0.00
34.70	41.90	35.70	32.00	28.80	27.50	2.10	50.03	0.00
34.80	41.90	35.70	32.00	28.80	27.50	2.10	50.03	0.00
34.90	41.80	35.70	31.90	28.80	28.30	2.60	50.02	0.00
35.00	41.90	35.60	32.00	28.80	28.30	2.10	50.03	0.00
35.10	41.90	35.60	32.00	28.80	28.30	2.10	50.03	0.00
35.20	41.90	35.70	31.80	28.90	28.40	2.40	50.03	0.00
35.30	41.90	35.60	31.90	28.90	28.40	2.10	50.03	0.00
35.40	41.90	35.60	31.90	28.90	28.40	2.40	50.02	0.00
35.50	41.90	35.70	32.00	28.80	28.40	2.00	50.03	0.00
35.60	41.90	35.70	31.90	28.80	28.70	2.30	50.03	0.00
35.70	41.90	35.70	31.90	28.80	28.70	2.40	50.03	0.00
35.80	41.90	35.70	31.90	28.90	29.00	2.40	50.03	0.00
35.90	42.00	35.70	31.90	28.90	29.40	2.10	50.03	0.00
36.00	42.00	35.70	31.90	28.90	29.50	2.40	50.03	0.00
36.10	42.10	35.80	32.10	29.00	29.50	2.40	50.03	0.00
36.20	42.00	35.80	32.00	28.90	29.50	2.40	50.03	0.00
36.30	42.00	35.80	32.00	28.90	30.00	2.00	50.03	0.00
36.40	41.90	35.80	32.00	29.00	30.00	2.70	50.04	0.00
36.50	41.80	35.60	31.90	28.80	30.00	2.40	50.03	0.00
36.60	41.80	35.60	31.90	28.80	30.30	2.10	50.03	0.00
36.70	41.90	35.70	31.90	28.90	30.40	2.30	50.03	0.00
36.80	41.90	35.70	31.90	28.90	31.10	2.00	50.03	0.00
36.90	42.10	35.80	32.10	29.00	30.70	2.10	50.04	0.00
37.00	41.90	35.80	32.00	28.90	30.40	2.10	50.03	0.00
37.10	41.90	35.80	32.00	28.90	30.40	2.10	50.02	0.00
37.20	42.20	35.70	32.10	29.00	31.20	2.30	50.04	0.00
37.30	42.20	35.70	32.10	29.00	31.20	2.00	50.02	0.00
37.40	41.90	35.70	31.90	28.90	31.10	2.30	50.02	0.00
37.50	41.90	35.70	32.00	29.00	31.20	2.10	50.04	0.00
37.60	41.90	35.70	32.00	29.00	31.40	2.10	50.03	0.00
37.70	42.10	35.80	32.00	28.90	31.50	2.40	50.03	0.00
37.80	41.90	35.80	32.00	28.90	32.60	2.30	50.03	0.00
37.90	41.90	35.80	32.00	28.90	32.60	2.40	50.04	0.00
38.00	42.00	35.70	31.90	28.80	32.60	2.10	50.03	0.00
38.10	42.00	35.60	31.80	28.80	32.60	2.10	50.04	0.00
38.20	42.00	35.60	31.80	28.80	32.00	2.00	50.03	0.00
38.30	42.00	35.60	31.80	28.90	32.90	2.40	50.03	0.00
38.40	42.00	35.60	31.80	28.90	32.70	2.00	50.04	0.00
38.50	42.10	35.70	32.10	29.00	32.90	2.10	50.03	0.00
38.60	41.90	35.80	32.00	28.90	32.90	2.10	50.04	0.00
38.70	42.00	35.70	31.90	28.90	33.50	2.60	50.03	0.00
38.80	42.00	35.70	31.90	28.90	33.80	2.30	50.03	0.00
38.90	42.10	35.60	31.80	28.90	33.80	2.40	50.05	0.00
39.00	42.10	35.60	32.00	28.90	33.40	2.40	50.03	0.00
39.10	42.10	35.60	32.00	28.90	33.40	2.40	50.04	0.00
39.20	42.00	35.70	32.10	28.90	34.10	2.30	50.04	0.00
39.30	42.00	35.70	32.10	28.90	34.30	2.40	50.03	0.00
39.40	42.10	35.60	31.90	28.80	34.30	2.60	50.04	0.00
39.50	42.10	35.60	31.80	28.80	34.40	2.10	50.02	0.00
39.60	42.10	35.60	31.80	28.80	34.30	2.60	50.04	0.00
39.70	42.10	35.80	32.00	29.00	34.40	2.00	50.03	0.00
39.80	42.00	35.70	32.00	28.90	34.70	2.00	50.03	0.00
39.90	42.00	35.70	32.00	28.90	35.20	2.30	50.03	0.00
40.00	42.10	35.70	32.10	28.90	35.20	2.30	50.03	0.00
40.10	42.20	35.70	31.90	29.00	35.50	2.10	50.03	0.00
40.20	42.20	35.70	31.90	29.00	35.10	2.00	50.04	0.00
40.30	42.20	35.80	32.10	29.00	35.10	2.60	50.03	0.00
40.40	42.20	35.80	32.10	29.00	35.20	2.30	50.04	0.00
40.50	42.00	35.80	32.00	28.80	35.70	2.30	50.03	0.00
40.60	42.00	35.80	32.00	28.80	36.00	2.70	50.03	0.00
40.70	42.20	35.80	32.00	29.00	35.70	2.00	50.03	0.00
40.80	42.00	35.70	31.90	28.90	36.00	2.10	50.03	0.00
40.90	42.00	35.70	31.90	28.90	36.00	2.30	50.03	0.00
41.00	42.10	35.80	32.00	29.00	36.00	2.30	50.03	0.00
41.10	42.00	35.80	32.00	28.90	36.60	2.30	50.03	0.00
41.20	42.00	35.80	32.00	28.90	36.90	1.80	50.02	0.00
41.30	42.00	35.70	31.90	28.80	36.40	2.00	50.04	0.00
41.40	42.10	35.60	31.90	28.90	36.70	2.10	50.03	0.00
41.50	42.10	35.60	31.90	28.90	37.50	2.10	50.03	0.00
41.60	42.10	35.80	32.00	29.00	37.20	2.10	50.04	0.00
41.70	42.20	35.60	32.00	28.90	37.50	2.60	50.03	0.00
41.80	42.20	35.60	32.00	28.90	37.10	2.30	50.03	0.00
41.90	42.10	35.80	32.10	28.90	37.50	2.30	50.03	0.00
42.00	42.10	35.70	31.90	28.80	37.50	2.30	50.03	0.00
42.10	42.10	35.70	31.90	28.80	38.00	2.10	50.03	0.00
42.20	42.10	35.80	32.10	28.90	38.00	2.10	50.03	0.00
42.30	42.10	35.80	32.00	28.90	38.40	2.10	50.03	0.00
42.40	42.10	35.80	32.00	28.90	38.70	2.10	50.03	0.00
42.50	42.30	35.80	32.10	29.00	39.20	2.00	50.04	0.00
42.60	42.20	35.70	32.00	29.00	38.40	2.70	50.03	0.00
42.70	42.20	35.70	32.00	29.00	38.70	2.30	50.03	0.00
42.80	42.20	35.70	32.00	28.90	38.90	2.10	50.02	0.00
42.90	42.10	35.70	32.00	28.90	38.90	2.10	50.04	0.00
43.00	42.10	35.70	32.00	28.90	39.40	2.00	50.03	0.00
43.10	42.00	35.50	31.90	28.80	39.20	2.40	50.03	0.00
43.20	42.00	35.50	31.90	28.80	39.50	2.40	50.03	0.00
43.30	42.00	35.80	31.90	28.90	39.40	2.60	50.03	0.00
43.40	42.20	35.70	31.90	28.80	40.00	2.90	50.03	0.00
43.50	42.20	35.70	31.90	28.80	40.30	2.70	50.03	0.00
43.60	42.10	35.70	32.00	28.80	40.30	2.70	50.03	0.00
43.70	42.10	35.70	32.00	28.90	40.10	2.40	50.03	0.00
43.80	42.10	35.70	32.00	28.90	40.40	2.10	50.03	0.00
43.90	42.10	35.60	31.80	28.80	40.40	2.10	50.03	0.00
44.00	42.10	35.60	31.80	28.80	40.60	2.10	50.03	0.00
44.10	42.10	35.70	32.00	28.80	41.20	2.00	50.04	0.00
44.20	42.00	35.60	31.90	28.80	41.10	2.30	50.04	0.00
44.30	42.00	35.60	31.90	28.80	41.40	2.40	50.03	0.00
44.40	42.10	35.80	32.10	28.90	41.20	2.40	50.03	0.00
44.50	42.10	35.80	32.10	28.90	41.40	2.30	50.03	0.00
44.60	42.10	35.60	31.90	28.90	41.50	2.90	50.03	0.00
44.70	42.10	35.80	32.00	28.90	41.70	2.30	50.04	0.00
44.80	42.10	35.80	32.00	28.90	41.70	2.30	50.02	0.00
44.90	42.00	35.60	31.90	28.90	42.30	2.40	50.04	0.00
45.00	42.10	35.60	32.00	28.80	42.00	2.90	50.04	0.00
45.10	42.10	35.60	32.00	28.80	42.30	2.10	50.03	0.00
45.20	42.00	35.70	32.00	29.00	42.40	3.30	50.04	0.00
45.30	42.10	35.70	32.00	28.80	42.60	2.40	50.03	0.00
45.40	42.10	35.70	32.00	28.80	42.10	1.80	50.04	0.00
45.50	42.00	35.60	31.90	28.80	42.40	2.00	50.03	0.00
45.60	42.30	35.80	32.10	29.00	43.10	2.00	50.04	0.00
45.70	42.30	35.80	32.10	29.00	43.10	2.00	50.04	0.00
45.80	42.10	35.50	32.00	28.90	43.10	2.30	50.04	0.00
45.90	42.10	35.50	32.00	28.90	43.50	2.10	50.04	0.00
46.00	42.20	35.80	32.10	29.00	43.20	2.40	50.04	0.00
46.10	42.20	35.80	32.10	29.10	43.80	2.70	50.04	0.00
46.20	42.20	35.80	32.10	29.10	43.80	2.30	50.05	0.00
46.30	42.00	35.70	32.00	29.00	43.80	2.30	50.05	0.00
46.40	42.10	35.70	32.00	28.90	44.10	2.30	50.04	0.00
46.50	42.10	35.70	32.00	28.90	44.10	2.00	50.04	0.00
46.60	42.10	35.70	31.90	29.00	44.10	2.00	50.03	0.00
46.70	42.10	35.60	31.90	28.90	44.00	2.40	50.04	0.00
46.80	42.10	35.60	31.90	28.90	44.40	2.40	50.04	0.00
46.90	42.10	35.80	32.00	29.10	44.60	2.10	50.04	0.00
47.00	42.10	35.60	31.90	28.80	44.60	2.30	50.04	0.00
47.10	42.10	35.60	31.90	28.80	44.80	2.10	50.04	0.00
47.20	42.00	35.70	31.90	28.90	45.40	2.30	50.04	0.00
47.30	42.20	35.60	31.90	28.80	44.80	2.10	50.04	0.00
47.40	42.20	35.60	31.90	28.80	45.10	2.40	50.04	0.00
47.50	42.00	35.70	32.00	28.80	45.40	1.80	50.04	0.00
47.60	42.00	35.70	32.00	28.80	45.40	1.80	50.03	0.00
47.70	42.00	35.70	32.00	28.90	45.70	2.30	50.03	0.00
47.80	42.20	35.70	32.00	28.90	45.70	2.00	50.03	0.00
47.90	42.20	35.70	32.00	28.90	46.10	2.30	50.04	0.00
48.00	42.20	35.70	31.90	28.90	45.80	2.30	50.02	0.00
48.10	42.10	35.60	32.00	28.90	46.40	2.10	50.03	0.00
48.20	42.10	35.60	32.00	28.90	46.90	2.10	50.03	0.00
48.30	42.30	35.60	31.90	29.00	46.40	2.10	50.03	0.00
48.40	42.10	35.60	31.90	28.90	46.80	2.30	50.03	0.00
48.50	42.10	35.60	31.90	28.90	47.10	2.10	50.03	0.00
48.60	42.10	35.60	32.00	28.90	47.10	2.40	50.03	0.00
48.70	42.10	35.50	32.10	28.90	47.40	2.60	50.03	0.00
48.80	42.10	35.50	32.10	28.90	47.70	2.70	50.04	0.00
48.90	42.10	35.70	32.00	28.90	47.50	2.10	50.04	0.00
49.00	42.10	35.60	31.90	28.90	47.50	2.30	50.03	0.00
49.10	42.10	35.60	31.90	28.90	47.40	2.30	50.04	0.00
49.20	42.00	35.60	31.90	28.80	48.00	2.10	50.04	0.00
49.30	42.10	35.70	32.00	28.90	47.80	2.10	50.03	0.00
49.40	42.10	35.70	32.00	28.90	48.10	2.40	50.04	0.00
49.50	42.10	35.70	32.10	29.00	48.10	2.40	50.03	0.00
49.60	42.00	35.70	31.90	28.90	48.30	2.00	50.03	0.00
49.70	42.00	35.70	31.90	28.90	48.40	2.40	50.03	0.00
49.80	42.10	35.50	31.90	28.90	48.90	2.10	50.04	0.00
49.90	41.90	35.70	32.00	28.90	49.40	2.30	50.03	0.00
50.00	41.90	35.70	32.00	28.90	49.10	2.30	50.03	0.00
50.10	41.80	35.60	31.80	28.80	49.20	2.10	50.04	0.00
50.20	42.10	35.80	32.10	28.90	49.50	2.00	50.03	0.00
50.30	42.10	35.80	32.10	28.90	49.10	2.10	50.03	0.00
50.40	42.20	35.70	32.00	28.90	49.10	2.10	50.04	0.00
50.50	42.20	35.70	32.00	28.90	49.80	2.30	50.03	0.00
50.60	42.10	35.50	32.00	28.90	49.50	2.40	50.04	0.00
50.70	42.10	35.60	32.10	28.90	49.50	2.00	50.03	0.00
50.80	42.10	35.60	32.10	28.90	50.00	2.40	50.04	0.00
50.90	42.20	35.70	32.10	28.90	50.40	2.40	50.04	0.00
51.00	42.00	35.70	31.90	28.90	50.30	2.30	50.03	0.00
51.10	42.00	35.70	31.90	28.90	50.30	2.10	50.03	0.00
51.20	42.10	35.60	32.00	29.00	50.10	2.40	50.03	0.00
51.30	42.10	35.60	32.00	29.00	50.10	2.40	50.04	0.00
51.40	42.00	35.60	32.00	28.90	50.90	2.90	50.03	0.00
51.50	42.00	35.70	31.90	29.00	50.80	2.40	50.04	0.00
51.60	42.00	35.70	31.90	29.00	51.10	2.30	50.04	0.00
51.70	42.00	35.70	32.00	28.90	51.10	2.00	50.04	0.00
51.80	42.10	35.70	32.10	28.90	51.70	2.10	50.03	0.00
51.90	42.10	35.70	32.10	28.90	51.80	2.40	50.04	0.00
52.00	41.90	35.70	32.00	29.00	51.70	2.00	50.03	0.00
52.10	42.10	35.60	32.00	28.90	52.10	2.40	50.04	0.00
52.20	42.10	35.60	32.00	28.90	51.80	2.30	50.04	0.00
52.30	42.00	35.60	31.90	28.90	51.80	2.30	50.04	0.00
52.40	42.10	35.70	32.20	29.00	52.90	2.30	50.04	0.00
52.50	42.10	35.70	32.20	29.00	52.60	2.10	50.04	0.00
52.60	42.00	35.60	32.00	28.90	52.40	2.40	50.04	0.00
52.70	42.00	35.60	32.00	28.90	52.90	1.80	50.03	0.00
52.80	42.00	35.60	32.00	28.90	53.40	2.10	50.03	0.00
52.90	42.00	35.60	31.90	28.80	52.90	2.30	50.04	0.00
53.00	42.10	35.70	32.00	28.90	53.10	2.10	50.04	0.00
53.10	42.10	35.70	32.00	28.90	53.40	2.10	50.03	0.00
53.20	42.10	35.50	31.90	28.90	53.40	2.10	50.04	0.00
53.30	42.00	35.60	31.90	28.90	53.70	2.00	50.04	0.00
53.40	42.00	35.60	31.90	28.90	53.70	2.40	50.04	0.00
53.50	42.10	35.70	32.00	28.90	54.00	2.30	50.04	0.00
53.60	42.00	35.50	31.90	28.80	54.10	2.70	50.04	0.00
53.70	42.00	35.50	31.90	28.80	54.40	2.40	50.04	0.00
53.80	42.20	35.60	32.00	28.90	54.10	2.10	50.04	0.00
53.90	42.20	35.60	32.00	28.90	54.30	1.80	50.04	0.00
54.00	42.10	35.60	31.90	28.80	54.60	2.10	50.04	0.00
54.10	41.90	35.40	31.90	28.80	54.60	2.10	50.04	0.00
54.20	41.90	35.40	31.90	28.80	54.30	2.10	50.04	0.00
54.30	42.00	35.60	32.00	28.90	55.10	2.10	50.04	0.00
54.40	42.00	35.60	32.00	28.90	55.10	1.80	50.04	0.00
54.50	42.00	35.50	31.90	28.90	55.10	0.40	50.04	0.00
54.60	42.10	35.60	32.00	28.90	54.90	2.30	50.05	0.00
54.70	42.10	35.60	32.00	28.90	55.70	2.10	50.04	0.00
54.80	42.00	35.60	32.10	29.00	55.70	2.30	50.04	0.00
54.90	42.10	35.60	32.10	28.90	56.10	2.10	50.04	0.00
55.00	42.10	35.60	32.10	28.90	55.80	2.10	50.04	0.00
55.10	42.10	35.50	32.00	28.90	55.80	2.10	50.04	0.00
55.20	42.10	35.50	32.00	28.90	56.30	2.40	50.04	0.00
55.30	42.00	35.50	31.90	28.80	56.30	2.30	50.04	0.00
55.40	42.10	35.70	32.10	28.90	56.40	2.10	50.03	0.00
55.50	42.10	35.70	32.10	28.90	56.90	2.00	50.04	0.00
55.60	42.10	35.70	32.10	28.80	56.80	1.80	50.04	0.00
55.70	42.00	35.70	32.00	28.80	56.80	2.60	50.04	0.00
55.80	42.00	35.70	32.00	28.80	57.10	2.10	50.03	0.00
55.90	42.00	35.60	31.90	28.80	57.10	2.40	50.04	0.00
56.00	42.00	35.60	32.00	28.70	57.10	2.40	50.05	0.00
56.10	42.00	35.60	32.00	28.70	57.80	2.40	50.03	0.00
56.20	42.10	35.60	31.90	28.90	57.20	2.30	50.04	0.00
56.30	42.10	35.60	31.90	28.90	57.50	2.40	50.04	0.00
56.40	42.00	35.50	31.90	28.80	58.10	2.30	50.04	0.00
56.50	41.80	35.60	32.00	28.80	58.60	3.20	50.04	0.00
56.60	41.80	35.60	32.00	28.80	57.10	2.30	50.03	0.00
56.70	41.90	35.40	32.00	28.70	58.80	2.30	50.04	0.00
56.80	41.90	35.40	32.00	28.70	58.50	2.40	50.04	0.00
56.90	41.80	35.40	32.00	28.80	58.60	2.70	50.04	0.00
57.00	42.00	35.50	32.00	28.90	58.60	2.70	50.04	0.00
57.10	42.00	35.50	32.00	28.90	58.80	2.00	50.04	0.00
57.20	41.90	35.60	32.00	28.70	58.90	2.10	50.04	0.00
57.30	42.00	35.60	32.00	28.80	59.40	2.60	50.03	0.00
57.40	42.00	35.60	32.00	28.80	59.50	2.30	50.04	0.00
57.50	42.00	35.40	31.90	28.80	59.20	2.10	50.04	0.00
57.60	42.00	35.60	32.10	28.80	59.70	2.00	50.03	0.00
57.70	42.00	35.60	32.10	28.80	59.80	3.20	50.04	0.00
57.80	42.00	35.60	32.00	28.70	60.00	2.40	50.04	0.00
57.90	41.90	35.50	31.90	28.60	60.00	2.40	50.04	0.00
58.00	41.90	35.50	31.90	28.60	59.70	2.40	50.03	0.00
58.10	42.10	35.60	32.10	28.70	60.30	2.40	50.04	0.00
58.20	42.10	35.60	32.10	28.70	60.50	2.70	50.04	0.00
58.30	42.00	35.40	32.00	28.70	60.10	2.40	50.04	0.00
58.40	42.00	35.50	32.00	28.70	60.30	2.40	50.04	0.00
58.50	42.00	35.50	32.00	28.70	60.90	2.40	50.04	0.00
58.60	42.10	35.50	32.00	28.70	60.80	2.30	50.03	0.00
58.70	42.00	35.50	32.10	28.70	61.20	2.00	50.04	0.00
58.80	42.00	35.50	32.10	28.70	61.40	2.10	50.03	0.00
58.90	41.90	35.40	31.90	28.70	61.40	2.10	50.04	0.00
59.00	41.90	35.40	31.90	28.70	61.20	2.00	50.03	0.00
59.10	42.00	35.40	32.10	28.70	61.70	2.40	50.02	0.00
59.20	42.00	35.50	32.00	28.70	62.00	2.40	50.03	0.00
59.30	42.00	35.50	32.00	28.70	61.80	2.60	50.03	0.00
59.40	41.80	35.50	32.00	28.70	62.00	2.10	50.03	0.00
59.50	41.80	35.60	32.00	28.60	62.10	2.60	50.04	0.00
59.60	41.80	35.60	32.00	28.60	62.00	2.10	50.04	0.00
59.70	41.80	35.50	32.00	28.60	62.80	2.40	50.03	0.00
59.80	41.90	35.30	31.90	28.60	62.60	2.30	50.04	0.00
59.90	41.90	35.30	31.90	28.60	62.10	2.10	50.03	0.00
60.00	41.90	35.50	31.90	28.60	63.20	2.10	50.04	0.00
60.10	41.90	35.40	31.90	28.70	62.80	2.30	50.04	0.00
60.20	41.90	35.40	31.90	28.70	63.10	2.00	50.04	0.00
60.30	41.90	35.50	32.00	28.80	63.50	2.00	50.03	0.00
60.40	41.90	35.50	32.00	28.80	63.50	1.80	50.04	0.00
60.50	41.90	35.60	32.00	28.60	63.20	2.30	50.03	0.00
60.60	42.00	35.40	32.00	28.70	63.70	2.10	50.03	0.00
60.70	42.00	35.40	32.00	28.70	64.00	2.60	50.03	0.00
60.80	41.90	35.50	31.90	28.70	64.00	2.60	50.03	0.00
60.90	41.90	35.60	32.00	28.70	64.10	2.40	50.03	0.00
61.00	41.90	35.60	32.00	28.70	64.60	2.00	50.03	0.00
61.10	41.80	35.50	32.00	28.70	64.00	2.10	50.03	0.00
61.20	41.90	35.40	31.80	28.70	64.80	2.00	50.03	0.00
61.30	41.90	35.40	31.80	28.70	64.90	2.40	50.03	0.00
61.40	41.90	35.40	31.90	28.60	65.10	2.00	50.03	0.00
61.50	41.90	35.40	31.90	28.60	64.90	2.00	50.02	0.00
61.60	42.10	35.50	32.00	28.70	64.80	2.00	50.03	0.00
61.70	41.90	35.50	32.00	28.60	65.10	2.40	50.02	0.00
61.80	41.90	35.50	32.00	28.60	65.10	2.40	50.02	0.00
61.90	41.90	35.60	32.10	28.80	65.20	2.30	50.02	0.00
62.00	41.90	35.50	32.10	28.80	65.70	2.40	50.03	0.00
62.10	41.90	35.50	32.10	28.80	65.70	2.40	50.03	0.00
62.20	41.80	35.50	32.00	28.60	66.10	2.10	50.02	0.00
62.30	41.80	35.50	32.00	28.60	66.00	2.30	50.02	0.00
62.40	41.80	35.40	32.00	28.60	66.00	2.30	50.01	0.00
62.50	41.90	35.40	32.00	28.60	66.10	2.40	50.01	0.00
62.60	41.90	35.40	32.00	28.60	66.50	2.60	50.01	0.00
62.70	41.90	35.40	31.90	28.70	66.50	2.60	50.01	0.00
62.80	41.80	35.50	32.10	28.80	66.90	2.10	50.01	0.00
62.90	41.80	35.50	32.10	28.80	66.60	1.80	50.01	0.00
63.00	41.70	35.30	32.00	28.70	67.20	1.50	50.01	0.00
63.10	41.70	35.30	32.00	28.70	67.20	2.30	50.01	0.00
63.20	41.90	35.50	32.10	28.60	67.10	2.30	50.01	0.00
63.30	41.90	35.30	32.00	28.60	67.70	2.70	50.01	0.00
63.40	41.90	35.30	32.00	28.60	67.70	1.50	50.01	0.00
63.50	41.90	35.50	32.10	28.70	67.50	2.60	50.01	0.00
63.60	41.90	35.40	32.00	28.70	67.40	2.30	50.00	0.00
63.70	41.90	35.40	32.00	28.70	67.40	2.30	50.00	0.00
63.80	41.80	35.40	32.00	28.70	68.00	2.30	50.00	0.00
63.90	41.90	35.40	31.90	28.60	68.30	2.10	50.00	0.00
64.00	41.90	35.40	31.90	28.60	68.50	2.00	49.99	0.00
64.10	41.80	35.40	31.90	28.60	68.10	2.10	49.99	0.00
64.20	41.90	35.50	32.00	28.80	68.90	2.70	49.99	0.00
64.30	41.90	35.50	32.00	28.80	68.30	2.30	49.99	0.00
64.40	41.90	35.40	32.00	28.70	68.90	2.60	49.99	0.00
64.50	41.90	35.40	32.00	28.70	68.30	2.70	49.98	0.00
64.60	42.00	35.50	32.10	28.90	68.30	2.70	49.98	0.00
64.70	41.90	35.50	32.00	28.70	69.50	2.30	49.98	0.00
64.80	41.90	35.50	32.00	28.70	69.10	2.30	49.98	0.00
64.90	41.70	35.40	31.90	28.60	69.70	1.80	49.98	0.00
65.00	41.80	35.40	32.00	28.60	69.70	1.80	49.98	0.00
65.10	41.80	35.40	32.00	28.60	69.70	2.30	49.97	0.00
65.20	41.80	35.40	32.00	28.80	69.70	2.30	49.97	0.00
65.30	41.80	35.30	31.90	28.60	70.50	2.30	49.97	0.00
65.40	41.80	35.30	31.90	28.60	70.00	2.10	49.96	0.00
65.50	41.90	35.50	32.00	28.80	70.60	3.30	49.96	0.00
65.60	41.80	35.40	32.00	28.80	70.50	1.80	49.96	0.00
65.70	41.80	35.40	32.00	28.80	70.90	2.60	49.96	0.00
65.80	41.80	35.50	32.00	28.80	71.80	2.10	47.46	0.00
65.90	41.90	35.50	32.00	28.70	70.60	2.40	34.38	0.00
66.00	41.90	35.50	32.00	28.70	70.60	2.00	17.28	0.00
66.10	41.70	35.50	32.10	28.70	70.90	2.00	11.35	0.00
66.20	41.50	35.30	31.90	28.70	70.10	2.10	5.81	0.00
66.30	41.50	35.30	31.90	28.70	70.80	2.70	3.33	0.00
66.40	41.40	35.50	32.00	28.80	70.60	2.10	2.29	0.00
66.50	41.30	35.50	31.90	28.70	70.50	2.40	1.70	0.00
66.60	41.30	35.50	31.90	28.70	70.60	2.10	1.35	0.00
66.70	41.30	35.30	32.00	28.70	71.10	2.30	1.17	0.00
66.80	41.30	35.30	32.00	28.70	70.30	2.40	1.13	0.00
66.90	41.00	35.40	32.00	28.80	70.50	2.30	0.94	0.00
67.00	41.00	35.40	32.00	28.80	70.80	2.00	0.77	0.00
67.10	40.90	35.50	32.00	28.70	70.10	2.00	0.64	0.00
67.20	40.90	35.50	32.00	28.80	70.10	1.80	0.54	0.00
67.30	40.90	35.50	32.00	28.80	70.50	2.00	0.47	0.00
67.40	40.80	35.50	32.00	28.80	70.50	2.00	0.41	0.00
67.50	40.60	35.50	32.10	28.80	70.10	2.30	0.36	0.00
67.60	40.50	35.50	32.00	28.70	70.50	2.40	0.32	0.00
67.70	40.50	35.50	32.00	28.70	70.50	2.10	0.28	0.00
67.80	40.40	35.50	32.10	28.70	70.00	2.10	0.25	0.00
67.90	40.40	35.50	32.10	28.70	70.30	2.10	0.23	0.00
68.00	40.50	35.40	32.10	28.80	70.30	1.80	0.21	0.00
68.10	40.30	35.50	32.10	28.80	70.30	2.40	0.18	0.00
68.20	40.30	35.50	32.10	28.80	69.80	2.30	0.17	0.00
68.30	40.10	35.50	31.90	28.80	69.80	2.30	0.16	0.00
68.40	40.10	35.40	31.90	28.80	70.10	2.00	0.15	0.00
68.50	40.10	35.40	31.90	28.80	70.10	2.10	0.13	0.00
68.60	40.00	35.50	31.90	28.70	70.30	2.30	0.12	0.00
68.70	40.10	35.40	32.00	28.90	70.10	2.40	0.11	0.00
68.80	40.10	35.40	32.00	28.90	70.00	2.30	0.10	0.00
68.90	40.00	35.50	32.00	28.80	70.50	2.30	0.10	0.00
69.00	39.90	35.60	32.00	28.90	70.30	2.40	0.09	0.00
69.10	39.90	35.60	32.00	28.90	70.30	2.10	0.08	0.00
69.20	39.90	35.30	31.90	28.80	70.10	1.80	0.08	0.00
69.30	39.90	35.30	31.90	28.80	70.00	2.30	0.07	0.00
69.40	39.80	35.40	31.90	28.80	70.00	2.10	0.07	0.00
69.50	39.70	35.50	32.00	28.80	70.30	2.30	0.07	0.00
69.60	39.70	35.50	32.00	28.80	69.70	2.10	0.06	0.00
69.70	39.80	35.50	32.00	29.00	70.00	2.00	0.06	0.00
69.80	39.70	35.40	31.90	28.70	70.30	0.70	0.05	0.00
69.90	39.70	35.40	31.90	28.70	70.00	2.40	0.05	0.00
70.00	39.60	35.20	31.90	28.60	69.80	2.60	0.05	0.00
70.10	39.50	35.50	32.00	28.90	70.10	2.70	0.04	0.00
70.20	39.50	35.50	32.00	28.90	70.10	2.70	0.04	0.00
70.30	39.60	35.40	32.00	28.80	70.50	2.30	0.04	0.00
70.40	39.60	35.40	32.00	28.80	70.50	2.00	0.04	0.00
70.50	39.50	35.60	32.10	28.90	70.00	2.10	0.04	0.00
70.60	39.50	35.60	32.10	28.90	68.50	2.30	0.04	0.00
70.70	39.50	35.40	32.00	28.80	68.10	2.00	0.03	0.00
70.80	39.50	35.50	32.00	28.80	70.10	2.10	0.03	0.00
70.90	39.50	35.50	32.00	28.80	69.70	2.10	0.03	0.00
71.00	39.30	35.40	32.00	28.90	70.00	2.30	0.03	0.00
71.10	39.30	35.40	32.00	28.90	70.00	1.80	0.03	0.00
71.20	39.40	35.40	32.10	28.90	70.00	1.80	0.03	0.00
71.30	39.50	35.40	32.00	28.90	70.00	2.10	0.03	0.00
71.40	39.50	35.40	32.00	28.90	70.10	2.10	0.03	0.00
71.50	39.40	35.40	31.90	28.80	70.10	2.30	0.03	0.00
71.60	39.30	35.40	32.00	28.70	69.70	2.40	0.02	0.00
71.70	39.30	35.40	32.00	28.70	70.00	2.10	0.02	0.00
71.80	39.30	35.40	31.90	28.80	69.80	2.30	0.02	0.00
71.90	39.40	35.50	32.20	28.90	69.80	2.30	0.02	0.00
72.00	39.40	35.50	32.20	28.90	69.70	2.40	0.02	0.00
72.10	39.30	35.50	32.00	28.80	70.90	1.70	0.02	0.00
72.20	39.30	35.30	31.90	28.80	70.90	1.70	0.02	0.00
72.30	39.30	35.30	31.90	28.80	69.50	2.30	0.02	0.00
72.40	39.30	35.50	32.00	28.90	69.70	1.80	0.02	0.00
72.50	39.20	35.30	31.90	28.80	70.00	2.30	0.02	0.00
72.60	39.20	35.30	31.90	28.80	70.50	3.00	0.02	0.00
72.70	39.20	35.30	32.10	28.80	69.80	2.30	0.02	0.00
72.80	39.20	35.30	32.10	28.80	69.70	2.00	0.02	0.00
72.90	39.20	35.40	32.10	29.00	70.00	2.00	0.02	0.00
73.00	39.10	35.40	32.10	28.90	70.00	2.00	-0.13	0.00
73.10	39.10	35.40	32.10	28.90	69.70	2.60	-0.17	0.00
73.20	39.20	35.40	31.90	28.80	69.70	2.60	-0.18	0.00
73.30	39.20	35.40	32.00	28.90	69.70	2.60	-0.18	0.00
73.40	39.20	35.40	32.00	28.90	69.80	2.10	-0.18	0.00
73.50	39.10	35.50	31.90	28.90	70.00	2.10	-0.18	0.00
73.60	39.10	35.50	31.90	28.90	70.00	2.40	-0.18	0.00
73.70	39.10	35.50	32.00	28.80	70.10	2.30	-0.18	0.00
73.80	39.20	35.70	32.20	29.00	69.80	2.00	-0.18	0.00
73.90	39.20	35.70	32.20	29.00	70.10	2.60	-0.18	0.00
74.00	39.00	35.40	32.10	28.80	70.00	3.20	-0.18	0.00
74.10	39.10	35.40	31.90	28.80	70.00	3.20	-0.04	0.00
74.20	39.10	35.40	31.90	28.80	69.70	2.00	-0.01	0.00
74.30	38.90	35.40	31.90	28.70	69.70	2.60	0.00	0.00
74.40	38.90	35.40	31.90	28.70	69.70	2.30	0.00	0.00
74.50	39.00	35.40	32.00	28.80	69.80	2.00	0.00	0.00
74.60	39.00	35.40	32.00	28.80	70.00	2.30	0.00	0.00
74.70	39.00	35.50	32.00	28.80	70.10	2.10	0.00	0.00
74.80	39.00	35.50	32.00	28.90	70.10	2.10	0.00	0.00
74.90	39.00	35.50	32.00	28.90	70.10	2.00	0.00	0.00
75.00	39.00	35.30	32.00	28.80	70.10	2.00	0.00	0.00
75.10	39.00	35.50	32.10	29.00	70.30	2.30	0.00	0.00
75.20	39.00	35.50	32.10	29.00	69.80	2.10	0.00	0.00
75.30	38.90	35.40	32.00	28.80	68.10	2.40	0.00	0.00
75.40	38.90	35.40	31.90	28.80	69.40	2.00	0.00	0.00
75.50	38.90	35.40	31.90	28.80	69.70	2.10	0.00	0.00
75.60	38.70	35.40	32.00	28.90	69.80	2.60	0.01	0.00
75.70	39.00	35.60	32.20	28.90	70.00	2.10	0.01	0.00
75.80	39.00	35.60	32.20	28.90	69.80	2.70	0.01	0.00
75.90	38.90	35.40	32.00	28.80	70.00	2.40	0.01	0.00
76.00	38.80	35.40	32.00	28.90	70.00	2.40	0.01	0.00
76.10	38.80	35.40	32.00	28.90	69.70	1.70	0.01	0.00
76.20	38.80	35.40	32.10	28.80	69.50	2.40	0.01	0.00
76.30	38.80	35.40	32.10	28.80	69.80	2.30	0.01	0.00
76.40	38.90	35.40	32.00	29.00	69.70	2.00	0.01	0.00
76.50	38.80	35.50	32.10	28.90	70.30	2.60	0.01	0.00
76.60	38.80	35.50	32.10	28.90	69.70	2.30	0.01	0.00
76.70	38.90	35.50	32.00	28.80	69.80	2.30	0.01	0.00
76.80	38.70	35.40	31.90	28.80	69.80	2.70	0.01	0.00
76.90	38.70	35.40	31.90	28.80	69.50	2.30	0.01	0.00
77.00	38.80	35.40	32.00	28.80	70.00	2.30	0.01	0.00
77.10	38.90	35.50	32.00	29.00	69.80	1.80	0.01	0.00
77.20	38.90	35.50	32.00	29.00	70.30	2.90	0.01	0.00
77.30	38.60	35.30	32.00	28.80	69.50	2.30	0.01	0.00
77.40	38.70	35.30	31.90	28.70	70.10	2.10	0.01	0.00
77.50	38.70	35.30	31.90	28.70	70.10	2.00	0.01	0.00
77.60	38.90	35.50	32.10	29.00	69.40	2.10	0.01	0.00
77.70	38.80	35.40	31.90	29.00	69.40	2.00	0.01	0.00
77.80	38.80	35.40	31.90	29.00	70.00	2.40	0.01	0.00
77.90	38.80	35.40	32.00	29.00	70.00	2.40	0.01	0.00
78.00	38.80	35.40	32.10	28.80	69.80	2.40	0.01	0.00
78.10	38.80	35.40	32.10	28.80	69.70	2.10	0.01	0.00
78.20	38.70	35.40	31.90	28.90	70.00	2.30	0.00	0.00
78.30	38.60	35.40	32.00	28.80	70.00	2.30	0.00	0.00
78.40	38.60	35.40	32.00	28.80	69.80	2.00	0.00	0.00
78.50	38.80	35.50	32.00	29.00	69.40	2.60	0.00	0.00
78.60	38.70	35.30	31.90	28.90	69.80	2.10	0.00	0.00
78.70	38.70	35.30	31.90	28.90	70.00	2.30	0.00	0.00
78.80	38.60	35.40	32.00	28.90	70.00	2.30	0.00	0.00
78.90	38.60	35.40	32.00	28.90	69.40	2.00	0.01	0.00
79.00	38.70	35.40	32.00	28.80	70.30	2.00	0.01	0.00
79.10	38.70	35.50	32.10	28.90	69.80	2.00	0.01	0.00
79.20	38.70	35.50	32.10	28.90	69.40	2.00	0.01	0.00
79.30	38.60	35.40	32.00	28.90	69.70	2.10	0.01	0.00
79.40	38.60	35.40	31.90	28.80	70.50	2.30	0.01	0.00
79.50	38.60	35.40	31.90	28.80	70.10	2.00	0.01	0.00
79.60	38.60	35.30	32.00	28.90	70.00	2.00	0.01	0.00
79.70	38.60	35.40	32.10	28.90	69.80	2.30	0.01	0.00
79.80	38.60	35.40	32.10	28.90	69.80	2.30	0.01	0.00
79.90	38.50	35.30	32.00	28.90	70.10	2.10	0.01	0.00
80.00	38.60	35.50	32.00	28.80	69.70	2.10	0.01	0.00
80.10	38.60	35.50	32.00	28.80	70.00	2.40	0.01	0.00
80.20	38.60	35.40	32.00	28.90	70.30	2.40	0.01	0.00
80.30	38.50	35.30	32.00	28.90	70.00	2.90	0.00	0.00
80.40	38.50	35.30	32.00	28.90	69.80	2.00	0.00	0.00
80.50	38.50	35.40	32.00	28.80	70.00	2.40	0.00	0.00
80.60	38.40	35.50	32.00	28.80	70.00	2.40	0.00	0.00
80.70	38.40	35.50	32.00	28.80	70.00	2.40	0.01	0.00
80.80	38.50	35.50	32.10	28.90	70.10	2.10	0.01	0.00
80.90	38.60	35.40	32.00	29.00	70.00	2.30	0.01	0.00
81.00	38.60	35.40	32.00	29.00	69.50	2.30	0.01	0.00
81.10	38.60	35.30	32.00	28.80	70.80	2.60	0.01	0.00
81.20	38.50	35.30	32.00	29.00	69.80	2.90	0.01	0.00
81.30	38.50	35.30	32.00	29.00	69.70	1.80	0.01	0.00
81.40	38.70	35.30	32.10	28.90	69.80	2.70	0.01	0.00
81.50	38.40	35.40	32.00	28.80	70.50	2.10	0.01	0.00
81.60	38.40	35.40	32.00	28.80	70.50	2.10	0.01	0.00
81.70	38.40	35.40	32.10	28.80	70.00	2.30	0.01	0.00
81.80	38.40	35.50	32.10	29.00	69.50	2.40	0.01	0.00
81.90	38.40	35.50	32.10	29.00	69.50	2.60	0.01	0.00
82.00	38.50	35.30	32.00	28.80	69.50	2.00	0.01	0.00
82.10	38.40	35.30	32.00	28.80	70.30	1.80	0.01	0.00
82.20	38.40	35.30	32.00	28.80	69.70	2.40	0.01	0.00
82.30	38.40	35.30	32.00	28.90	69.20	2.10	0.01	0.00
82.40	38.40	35.30	32.00	28.90	69.40	2.00	0.00	0.00
82.50	38.50	35.30	32.00	28.80	70.00	2.30	0.00	0.00
82.60	38.40	35.30	32.00	28.80	70.30	2.10	0.01	0.00
82.70	38.40	35.30	32.00	28.80	70.00	2.60	0.01	0.00
82.80	38.50	35.30	32.10	29.00	69.20	2.30	0.01	0.00
82.90	38.30	35.20	32.00	28.80	69.70	2.30	0.01	0.00
83.00	38.30	35.20	32.00	28.80	69.50	2.30	0.01	0.00
83.10	38.30	35.20	31.90	28.80	70.00	2.30	0.01	0.00
83.20	38.40	35.30	32.10	28.90	70.00	2.60	0.01	0.00
83.30	38.40	35.30	32.10	28.90	69.50	2.00	0.01	0.00
83.40	38.30	35.20	31.90	28.90	69.80	2.40	0.00	0.00
83.50	38.50	35.50	32.20	28.90	70.30	2.70	0.00	0.00
83.60	38.50	35.50	32.20	28.90	69.80	2.70	0.01	0.00
83.70	38.30	35.40	32.00	28.90	70.00	0.40	0.01	0.00
83.80	38.30	35.30	32.00	28.80	69.50	2.10	0.01	0.00
83.90	38.30	35.30	32.00	28.80	69.50	2.10	0.01	0.00
84.00	38.40	35.30	32.00	28.80	70.10	2.10	0.01	0.00
84.10	38.30	35.40	32.00	28.80	69.70	2.00	0.01	0.00
84.20	38.30	35.40	32.00	28.80	70.10	2.40	0.01	0.00
84.30	38.40	35.40	32.10	28.90	70.10	2.40	0.01	0.00
84.40	38.30	35.30	32.00	28.90	70.00	2.30	0.01	0.00
84.50	38.30	35.30	32.00	28.90	70.10	2.30	0.01	0.00
84.60	38.30	35.20	32.00	29.00	70.00	2.30	0.01	0.00
84.70	38.30	35.30	32.00	28.90	69.80	2.60	0.01	0.00
84.80	38.30	35.30	32.00	28.90	69.50	2.40	0.01	0.00
84.90	38.30	35.30	32.10	28.90	70.10	2.60	0.01	0.00
85.00	38.30	35.20	31.90	28.80	69.50	2.10	0.01	0.00
85.10	38.30	35.20	31.90	28.80	69.80	2.30	0.01	0.00
85.20	38.20	35.30	32.00	28.90	70.10	2.10	0.01	0.00
85.30	38.30	35.30	32.10	29.00	70.10	2.10	0.01	0.00
85.40	38.30	35.30	32.10	29.00	69.50	2.10	0.00	0.00
85.50	38.40	35.30	32.10	29.00	69.70	2.40	0.00	0.00
85.60	38.40	35.30	32.10	28.90	69.70	2.30	0.00	0.00
85.70	38.40	35.30	32.10	28.90	69.70	2.00	0.00	0.00
85.80	38.30	35.30	31.90	28.80	69.50	2.60	0.00	0.00
85.90	38.30	35.30	31.90	28.80	69.50	2.10	0.00	0.00
86.00	38.30	35.30	32.00	28.90	69.70	2.00	0.00	0.00
86.10	38.30	35.30	32.00	28.90	70.50	2.60	0.00	0.00
86.20	38.30	35.30	32.00	28.90	69.70	2.10	0.01	0.00
86.30	38.40	35.30	32.00	28.90	69.50	2.10	0.00	0.00
86.40	38.10	35.30	31.90	28.80	69.80	2.70	0.00	0.00
86.50	38.10	35.30	31.90	28.80	69.70	2.10	0.00	0.00
86.60	38.30	35.30	32.10	28.90	70.10	2.10	0.00	0.00
86.70	38.20	35.30	32.10	28.90	69.70	2.70	0.00	0.00
86.80	38.20	35.30	32.10	28.90	69.80	2.70	0.00	0.00
86.90	38.20	35.50	32.10	28.90	69.50	2.30	0.00	0.00
87.00	38.30	35.30	32.10	28.90	69.50	2.30	0.00	0.00
87.10	38.30	35.30	32.10	28.90	69.50	2.30	0.00	0.00
87.20	38.10	35.40	32.00	28.80	69.80	2.00	0.00	0.00
87.30	38.20	35.40	32.00	28.80	70.00	2.30	0.01	0.00
87.40	38.20	35.40	32.00	28.80	69.40	2.40	0.00	0.00
87.50	38.10	35.30	32.00	28.80	69.40	2.40	0.00	0.00
87.60	38.20	35.30	32.10	28.90	69.70	2.90	0.00	0.00
87.70	38.20	35.30	32.10	28.90	69.80	2.40	0.00	0.00
87.80	38.20	35.20	32.00	28.90	69.70	2.10	0.00	0.00
87.90	38.20	35.20	32.00	28.90	69.50	2.30	0.00	0.00
88.00	38.30	35.30	32.10	28.90	69.50	2.30	0.00	0.00
88.10	38.20	35.30	32.10	28.90	69.80	2.00	0.01	0.00
88.20	38.20	35.30	32.10	28.90	69.70	2.40	0.01	0.00
88.30	38.00	35.30	32.00	28.80	69.50	2.30	0.01	0.00
88.40	38.00	35.30	32.00	28.80	69.70	2.30	0.00	0.00
88.50	38.10	35.30	32.10	28.90	69.70	2.10	0.00	0.00
88.60	38.10	35.30	32.00	28.80	69.50	2.30	0.00	0.00
88.70	38.10	35.30	32.00	28.80	69.70	2.00	0.00	0.00
88.80	38.10	35.30	32.00	29.00	69.70	2.00	0.00	0.00
88.90	38.10	35.30	32.00	29.00	69.70	2.30	0.00	0.00
89.00	38.10	35.20	32.00	28.90	69.70	2.30	0.00	0.00
89.10	38.30	35.40	32.10	28.90	69.20	2.40	0.00	0.00
89.20	38.20	35.30	32.00	28.90	69.80	0.30	0.00	0.00
89.30	38.20	35.30	32.00	28.90	69.70	2.40	0.01	0.00
89.40	38.00	35.20	31.90	28.80	69.70	2.00	0.01	0.00
89.50	38.00	35.20	31.90	28.80	69.70	2.10	0.00	0.00
89.60	38.10	35.30	32.10	28.90	69.50	2.10	0.00	0.00
89.70	38.10	35.30	32.00	28.90	70.00	2.40	0.00	0.00
89.80	38.10	35.30	32.00	28.90	69.50	2.30	0.00	0.00
89.90	38.20	35.30	32.10	28.90	69.50	2.30	0.00	0.00
90.00	38.20	35.30	32.10	29.00	69.20	1.80	0.00	0.00
90.10	38.20	35.30	32.10	29.00	69.20	2.10	0.00	0.00
90.20	38.10	35.20	32.00	28.70	69.10	1.80	0.00	0.00
90.30	38.10	35.30	32.10	29.00	69.80	2.00	0.00	0.00
90.40	38.10	35.30	32.10	29.00	70.00	2.10	0.00	0.00
90.50	38.20	35.40	32.20	29.00	69.80	2.30	0.00	0.00
90.60	38.10	35.30	32.00	28.90	69.50	2.60	0.00	0.00
90.70	38.10	35.30	32.00	28.90	69.80	2.10	0.00	0.00
90.80	38.10	35.40	32.10	29.00	69.70	2.90	0.00	0.00
90.90	38.10	35.40	32.10	29.00	69.70	2.90	0.00	0.00
91.00	38.00	35.20	32.10	28.80	70.10	1.70	0.00	0.00
91.10	38.10	35.40	32.10	28.80	69.70	2.00	0.00	0.00
91.20	38.10	35.40	32.10	28.80	69.70	2.30	0.00	0.00
91.30	38.10	35.30	32.10	28.90	70.00	2.30	0.00	0.00
91.40	38.00	35.30	31.90	28.80	70.00	2.30	0.00	0.00
91.50	38.00	35.30	31.90	28.80	69.70	2.00	0.00	0.00
91.60	38.00	35.20	32.10	28.90	69.70	2.40	0.00	0.00
91.70	38.00	35.30	32.00	28.70	70.00	2.30	0.00	0.00
91.80	38.00	35.30	32.00	28.70	69.70	1.80	0.00	0.00
91.90	38.20	35.40	32.10	29.00	69.40	2.00	0.00	0.00
92.00	38.20	35.40	32.10	29.00	69.50	2.60	0.00	0.00
92.10	37.90	35.40	32.10	28.90	70.00	2.30	0.00	0.00
92.20	38.00	35.30	32.00	29.00	69.80	2.10	0.00	0.00
92.30	38.00	35.30	32.00	29.00	69.20	2.10	0.00	0.00
92.40	38.10	35.40	32.00	28.90	69.50	1.80	0.00	0.00
92.50	38.20	35.30	32.00	28.80	69.40	2.10	0.00	0.00
92.60	38.20	35.30	32.00	28.80	69.80	2.40	0.00	0.00
92.70	37.90	35.30	32.00	28.80	70.00	2.10	0.00	0.00
92.80	37.90	35.30	32.00	28.90	70.00	2.10	0.00	0.00
92.90	37.90	35.30	32.00	28.90	69.80	2.30	0.00	0.00
93.00	38.00	35.30	32.00	28.80	69.40	2.40	0.00	0.00
93.10	38.00	35.30	32.00	28.80	69.50	2.30	0.00	0.00
93.20	37.90	35.30	32.00	28.90	69.80	2.00	0.00	0.00
93.30	38.00	35.40	32.00	28.90	70.10	2.10	0.00	0.00
93.40	38.00	35.40	32.00	28.90	69.50	2.10	0.00	0.00
93.50	38.00	35.40	32.20	28.90	69.40	1.70	0.00	0.00
93.60	37.90	35.30	32.00	28.80	69.70	2.60	0.00	0.00
93.70	37.90	35.30	32.00	28.80	70.00	2.00	0.00	0.00
93.80	37.90	35.30	32.00	28.90	69.50	2.40	0.00	0.00
93.90	37.90	35.30	32.00	28.90	69.80	2.60	0.00	0.00
94.00	38.00	35.30	32.00	28.80	70.10	2.10	0.00	0.00
94.10	37.90	35.30	31.90	28.90	70.00	2.40	0.00	0.00
94.20	37.90	35.30	31.90	28.90	69.70	2.10	0.00	0.00
94.30	37.90	35.40	32.10	29.00	70.10	2.10	0.00	0.00
94.40	38.00	35.30	32.10	28.90	69.80	2.40	0.00	0.00
94.50	38.00	35.30	32.10	28.90	69.80	2.00	0.00	0.00
94.60	38.00	35.40	32.10	29.00	69.70	2.70	0.00	0.00
94.70	37.90	35.40	32.10	28.90	69.70	2.70	0.00	0.00
94.80	37.90	35.40	32.10	28.90	69.50	2.30	0.00	0.00
94.90	37.80	35.30	32.10	28.80	69.80	2.40	0.00	0.00
95.00	37.70	35.30	32.10	28.80	68.30	2.40	0.00	0.00
95.10	37.70	35.30	32.10	28.80	69.80	1.30	0.00	0.00
95.20	38.00	35.30	32.00	28.80	70.10	1.80	0.00	0.00
95.30	38.00	35.30	32.00	28.80	70.00	2.60	0.00	0.00
95.40	37.90	35.40	32.10	29.00	70.00	2.00	0.00	0.00
95.50	38.00	35.40	32.20	28.90	69.70	2.00	0.00	0.00
95.60	38.00	35.40	32.20	28.90	69.50	2.10	0.00	0.00
95.70	37.80	35.20	32.10	28.80	69.50	2.10	0.00	0.00
95.80	37.90	35.30	32.10	28.90	70.10	2.30	0.00	0.00
95.90	37.90	35.30	32.10	28.90	69.70	2.30	0.00	0.00
96.00	37.90	35.20	32.00	28.90	69.80	2.30	0.00	0.00
96.10	37.90	35.40	32.10	29.00	69.80	2.10	0.00	0.00
96.20	37.90	35.40	32.10	29.00	70.00	2.00	0.00	0.00
96.30	37.90	35.20	32.00	28.90	69.40	2.40	0.00	0.00
96.40	37.90	35.20	32.00	28.90	69.70	2.40	0.00	0.00
96.50	37.90	35.30	32.20	28.90	69.50	2.30	0.00	0.00
96.60	37.80	35.30	32.10	28.90	69.50	2.30	0.00	0.00
96.70	37.80	35.30	32.10	28.90	70.10	2.40	0.00	0.00
96.80	37.70	35.30	32.00	28.80	69.50	2.30	0.00	0.00
96.90	37.90	35.30	32.10	28.90	69.80	2.30	0.00	0.00
97.00	37.90	35.30	32.10	28.90	70.30	2.10	0.00	0.00
97.10	37.90	35.30	32.00	28.80	70.00	2.30	0.00	0.00
97.20	37.80	35.40	32.10	28.80	69.80	2.30	0.00	0.00
97.30	37.80	35.40	32.10	28.80	70.00	2.30	0.00	0.00
97.40	37.90	35.30	32.00	28.90	70.00	2.30	0.00	0.00
97.50	37.90	35.30	32.00	28.90	70.10	2.30	0.00	0.00
97.60	37.90	35.30	31.90	28.80	70.10	2.30	0.00	0.00
97.70	37.80	35.40	32.10	29.00	69.50	2.00	0.00	0.00
97.80	37.80	35.40	32.10	29.00	69.80	2.00	0.00	0.00
97.90	37.90	35.40	32.10	29.00	69.80	2.40	0.00	0.00
98.00	37.80	35.30	32.10	28.90	70.10	2.40	0.00	0.00
98.10	37.80	35.30	32.10	28.90	69.70	1.70	0.00	0.00
98.20	37.80	35.30	31.90	28.80	69.70	2.60	0.00	0.00
98.30	37.70	35.20	31.90	28.80	69.70	2.70	0.00	0.00
98.40	37.70	35.20	31.90	28.80	69.80	2.90	0.00	0.00
98.50	37.80	35.30	32.10	29.00	69.80	2.90	0.00	0.00
98.60	37.70	35.40	32.10	28.90	69.80	2.90	0.00	0.00
98.70	37.70	35.40	32.10	28.90	69.70	2.30	0.00	0.00
98.80	37.80	35.30	32.00	28.90	69.70	2.30	0.00	0.00
98.90	37.80	35.40	32.10	28.90	70.00	2.10	0.00	0.00
99.00	37.80	35.40	32.10	28.90	70.00	2.40	0.00	0.00
99.10	37.80	35.40	32.10	28.90	70.00	2.60	0.00	0.00
99.20	37.80	35.40	32.10	28.90	69.40	2.00	0.00	0.00
99.30	37.70	35.30	31.90	28.80	69.80	3.30	0.00	0.00
99.40	37.70	35.30	32.00	28.80	69.70	2.10	0.00	0.00
99.50	37.70	35.30	32.00	28.80	69.70	2.10	0.00	0.00
99.60	37.70	35.10	31.80	28.80	69.80	2.10	0.00	0.00
99.70	37.70	35.30	32.10	28.80	70.00	2.30	0.00	0.00
99.80	37.70	35.30	32.10	28.80	69.50	2.30	0.00	0.00
99.90	37.70	35.30	32.10	28.90	69.70	2.30	0.00	0.00
100.00	37.80	35.20	32.10	28.80	69.80	2.30	0.00	0.00
100.10	37.80	35.20	32.10	28.80	69.70	2.10	0.00	0.00
100.20	37.80	35.30	32.10	28.90	69.80	2.00	0.00	0.00
100.30	37.80	35.30	32.10	28.90	69.80	2.40	0.00	0.00
100.40	37.80	35.20	32.00	28.90	69.40	2.10	0.00	0.00
100.50	37.60	35.20	32.00	28.80	69.40	2.10	0.00	0.00
100.60	37.60	35.20	32.00	28.80	69.40	1.80	0.00	0.00
100.70	37.90	35.20	32.10	29.00	69.80	2.10	0.00	0.00
100.80	37.70	35.20	32.00	28.80	70.10	1.80	0.00	0.00
100.90	37.70	35.20	32.00	28.80	69.50	0.00	0.00	0.00
101.00	37.80	35.40	32.30	29.00	69.70	2.30	0.00	0.00
101.10	37.80	35.30	32.10	29.00	69.50	2.40	0.00	0.00
101.20	37.80	35.30	32.10	29.00	69.80	2.30	0.00	0.00
101.30	37.70	35.20	32.00	28.80	70.30	2.10	0.00	0.00
101.40	37.70	35.20	32.00	28.80	70.30	2.10	0.00	0.00
101.50	37.70	35.20	31.90	28.80	69.80	1.30	0.00	0.00
101.60	37.60	35.20	32.00	28.90	70.00	2.30	0.00	0.00
101.70	37.60	35.10	32.00	29.00	69.80	2.10	0.00	0.00
101.80	37.60	35.10	32.00	29.00	69.50	2.00	0.00	0.00
101.90	37.70	35.20	32.00	28.80	69.70	2.40	0.00	0.00
102.00	37.70	35.20	32.00	28.80	69.80	2.00	0.00	0.00
102.10	37.60	35.30	32.00	28.90	69.70	2.10	0.00	0.00
102.20	37.70	35.30	32.10	28.80	69.50	2.30	0.00	0.00
102.30	37.70	35.30	32.10	28.80	69.50	2.30	0.00	0.00
102.40	37.80	35.10	32.10	28.90	70.00	2.30	0.00	0.00
102.50	37.80	35.10	32.10	28.90	69.50	2.30	0.00	0.00
102.60	37.50	35.20	31.90	28.80	69.50	2.60	0.00	0.00
102.70	37.60	35.20	32.00	28.80	69.50	2.10	0.00	0.00
102.80	37.60	35.20	32.00	28.80	69.70	2.30	0.00	0.00
102.90	37.60	35.30	31.90	28.80	70.50	1.80	0.00	0.00
103.00	37.70	35.20	32.00	28.90	70.00	2.30	0.00	0.00
103.10	37.70	35.20	32.00	28.90	69.70	2.30	0.00	0.00
103.20	37.60	35.30	32.00	29.00	69.20	2.40	0.00	0.00
103.30	37.80	35.30	32.10	29.00	69.70	2.60	0.00	0.00
103.40	37.80	35.30	32.10	29.00	69.80	2.60	0.00	0.00
103.50	37.60	35.20	32.00	28.90	69.70	2.30	0.00	0.00
103.60	37.70	35.20	32.00	29.00	69.70	2.00	0.00	0.00
103.70	37.70	35.20	32.00	29.00	69.40	2.00	0.00	0.00
103.80	37.70	35.20	32.00	28.90	69.40	2.40	0.00	0.00
103.90	37.70	35.40	32.20	29.00	69.50	2.70	0.00	0.00
104.00	37.70	35.40	32.20	29.00	70.30	2.10	0.00	0.00
104.10	37.60	35.20	32.00	29.00	69.70	2.00	0.00	0.00
104.20	37.60	35.30	32.00	28.80	69.50	2.10	0.00	0.00
104.30	37.60	35.30	32.00	28.80	69.70	2.60	0.00	0.00
104.40	37.50	35.20	32.00	28.90	69.20	2.00	0.00	0.00
104.50	37.50	35.20	32.00	28.90	69.50	2.40	0.00	0.00
104.60	37.50	35.20	31.90	28.80	69.50	2.40	0.00	0.00
104.70	37.60	35.20	31.90	28.80	70.10	2.30	0.00	0.00
104.80	37.60	35.20	31.90	28.80	69.50	2.10	0.00	0.00
104.90	37.70	35.30	32.00	28.90	70.00	2.10	0.00	0.00
105.00	37.60	35.30	32.00	28.90	69.10	2.10	0.00	0.00
105.10	37.60	35.30	32.00	28.90	69.10	2.10	0.00	0.00
105.20	37.70	35.40	32.10	29.00	69.50	3.50	0.00	0.00
105.30	37.60	35.20	32.00	28.90	69.40	2.40	0.00	0.00
105.40	37.60	35.20	32.00	28.90	69.70	2.60	0.00	0.00
105.50	37.50	35.30	32.00	28.90	69.70	2.30	0.00	0.00
105.60	37.50	35.10	32.00	28.90	70.10	2.60	0.00	0.00
105.70	37.50	35.10	32.00	28.90	69.50	2.10	-0.01	0.00
105.80	37.70	35.30	32.00	29.00	69.70	2.60	0.00	0.00
105.90	37.60	35.40	32.10	28.90	70.00	2.10	0.00	0.00
106.00	37.60	35.40	32.10	28.90	69.80	2.60	0.00	0.00
106.10	37.50	35.30	32.10	28.90	69.80	2.60	0.00	0.00
106.20	37.60	35.20	32.00	28.90	69.40	2.40	0.00	0.00
106.30	37.60	35.20	32.00	28.90	69.80	2.00	0.00	0.00
106.40	37.60	35.20	32.10	29.00	69.80	2.30	0.00	0.00
106.50	37.50	35.20	31.90	28.80	70.10	2.00	0.00	0.00
106.60	37.50	35.20	31.90	28.80	69.20	2.30	0.00	0.00
106.70	37.70	35.40	32.10	28.90	69.20	2.40	0.00	0.00
106.80	37.70	35.40	32.10	28.90	69.80	2.30	0.00	0.00
106.90	37.60	35.30	32.10	28.90	69.80	2.60	0.00	0.00
107.00	37.50	35.30	31.90	28.80	69.80	2.60	0.00	0.00
107.10	37.50	35.30	31.90	28.80	69.20	2.40	0.00	0.00
107.20	37.60	35.30	31.90	28.90	69.70	2.10	0.00	0.00
107.30	37.60	35.40	32.10	28.90	69.40	2.30	0.00	0.00
107.40	37.60	35.40	32.10	28.90	70.00	2.40	0.00	0.00
107.50	37.50	35.30	32.00	28.90	69.70	2.40	0.00	0.00
107.60	37.50	35.30	32.00	29.00	69.80	2.30	0.00	0.00
107.70	37.50	35.30	32.00	29.00	70.10	1.00	0.00	0.00
107.80	37.50	35.40	32.20	28.90	69.70	2.30	0.00	0.00
107.90	37.50	35.40	32.10	28.90	69.70	2.30	0.00	0.00
108.00	37.50	35.40	32.10	28.90	69.40	2.60	0.00	0.00
108.10	37.50	35.30	32.00	29.00	69.50	2.40	0.00	0.00
108.20	37.50	35.30	32.00	29.00	69.40	2.60	0.00	0.00
108.30	37.50	35.30	32.00	29.00	69.40	2.10	0.00	0.00
108.40	37.50	35.30	32.00	29.00	69.40	2.30	0.00	0.00
108.50	37.40	35.20	32.00	28.90	70.00	2.10	0.00	0.00
108.60	37.40	35.20	31.90	28.80	69.70	2.60	0.00	0.00
108.70	37.60	35.40	32.20	29.10	69.70	2.30	0.00	0.00
108.80	37.60	35.40	32.20	29.10	69.40	2.30	0.00	0.00
108.90	37.50	35.30	31.90	28.90	69.40	2.30	0.00	0.00
109.00	37.50	35.30	31.90	28.90	69.80	2.10	0.00	0.00
109.10	37.60	35.40	32.10	28.90	69.80	2.60	0.00	0.00
109.20	37.60	35.40	32.00	28.90	69.70	2.00	0.00	0.00
109.30	37.40	35.30	32.00	28.90	69.80	2.40	0.00	0.00
109.40	37.40	35.30	32.00	28.90	69.20	2.10	0.00	0.00
109.50	37.40	35.20	31.90	28.80	70.00	2.10	0.00	0.00
109.60	37.40	35.20	31.90	28.80	69.40	3.20	0.00	0.00
109.70	37.50	35.40	32.10	28.90	69.70	2.30	0.00	0.00
109.80	37.50	35.40	32.10	29.00	69.70	2.30	0.00	0.00
109.90	37.50	35.40	32.10	29.00	69.70	2.30	0.00	0.00
110.00	37.50	35.30	32.10	29.00	70.00	2.60	0.00	0.00
110.10	37.40	35.30	32.00	28.90	69.50	2.40	0.00	0.00
110.20	37.40	35.30	32.00	28.90	69.20	2.00	0.00	0.00
110.30	37.50	35.30	31.90	28.80	69.80	2.30	0.00	0.00
110.40	37.50	35.30	32.10	29.00	69.50	1.50	0.00	0.00
110.50	37.50	35.30	32.10	29.00	69.70	2.40	0.00	0.00
110.60	37.50	35.20	32.10	28.80	69.50	2.40	0.00	0.00
110.70	37.50	35.20	32.10	28.80	69.50	2.10	0.00	0.00
110.80	37.40	35.30	32.00	28.90	69.80	2.30	0.00	0.00
110.90	37.40	35.20	32.00	28.90	69.40	2.40	0.00	0.00
111.00	37.40	35.20	32.00	28.90	69.80	2.10	0.00	0.00
111.10	37.50	35.30	32.10	28.90	69.70	2.40	0.00	0.00
111.20	37.40	35.20	31.90	28.90	69.70	2.30	0.00	0.00
111.30	37.40	35.20	31.90	28.90	69.40	2.10	0.00	0.00
111.40	37.50	35.20	32.00	28.90	69.80	2.10	0.00	0.00
111.50	37.50	35.30	32.00	28.80	69.70	1.70	0.00	0.00
111.60	37.50	35.30	32.00	28.80	69.10	2.30	0.00	0.00
111.70	37.50	35.30	32.00	28.80	69.10	2.30	0.00	0.00
111.80	37.50	35.30	32.00	28.80	69.40	2.00	0.00	0.00
111.90	37.40	35.30	32.00	28.90	69.70	2.00	0.00	0.00
112.00	37.50	35.30	32.00	28.90	69.20	1.80	0.00	0.00
112.10	37.50	35.30	32.00	28.90	69.80	1.30	0.00	0.00
112.20	37.50	35.30	32.00	28.80	69.40	2.40	0.00	0.00
112.30	37.50	35.30	32.10	29.00	69.50	3.00	0.00	0.00
112.40	37.40	35.30	32.00	28.90	69.80	2.60	0.00	0.00
112.50	37.40	35.30	32.00	28.90	69.50	2.60	0.00	0.00
112.60	37.50	35.20	32.00	28.90	69.80	2.00	0.00	0.00
112.70	37.40	35.20	32.00	28.80	69.80	2.00	0.00	0.00
112.80	37.40	35.20	32.00	28.80	69.80	2.10	0.00	0.00
112.90	37.30	35.20	32.00	28.90	69.40	2.30	0.00	0.00
113.00	37.30	35.20	32.00	28.80	69.50	2.40	0.00	0.00
113.10	37.30	35.20	32.00	28.80	69.10	2.10	0.00	0.00
113.20	37.40	35.20	32.10	28.90	69.70	2.10	0.00	0.00
113.30	37.40	35.20	32.10	28.90	69.50	2.30	0.00	0.00
113.40	37.40	35.20	32.00	28.90	69.70	2.60	0.00	0.00
113.50	37.30	35.30	32.10	28.90	69.50	2.60	0.00	0.00
113.60	37.30	35.30	32.10	28.90	69.40	2.10	0.00	0.00
113.70	37.30	35.20	32.00	28.80	69.50	2.70	0.00	0.00
113.80	37.50	35.30	32.10	28.90	69.70	2.60	0.00	0.00
113.90	37.50	35.30	32.10	28.90	69.70	2.60	0.00	0.00
114.00	37.40	35.10	32.00	28.90	69.80	0.10	0.00	0.00
114.10	37.20	35.10	32.00	28.80	69.10	2.30	0.00	0.00
114.20	37.20	35.10	32.00	28.80	69.40	2.10	0.00	0.00
114.30	37.50	35.20	32.10	28.90	69.80	2.30	0.00	0.00
114.40	37.50	35.20	32.10	28.90	69.20	2.30	0.00	0.00
114.50	37.40	35.30	32.00	28.80	69.80	2.30	0.00	0.00
114.60	37.40	35.10	32.10	28.80	69.80	2.30	0.00	0.00
114.70	37.40	35.10	32.10	28.80	69.70	2.30	0.00	0.00
114.80	37.30	35.20	32.10	28.90	69.70	2.10	0.00	0.00
114.90	37.30	35.20	32.10	28.90	69.70	2.30	0.00	0.00
115.00	37.30	35.10	32.10	28.80	69.70	1.20	0.00	0.00
115.10	37.40	35.20	32.10	28.80	69.80	2.70	0.00	0.00
115.20	37.40	35.20	32.10	28.80	70.00	2.30	0.00	0.00
115.30	37.50	35.30	32.10	28.80	69.50	2.10	0.00	0.00
115.40	37.20	35.00	32.00	28.60	69.50	2.00	0.00	0.00
115.50	37.20	35.00	32.00	28.60	69.50	2.00	-0.01	0.00
115.60	37.30	35.10	32.00	28.70	69.50	2.00	0.00	0.00
115.70	37.40	35.30	32.10	28.70	69.40	2.30	-0.01	0.00
115.80	37.40	35.30	32.10	28.70	69.80	2.10	-0.01	0.00
115.90	37.30	35.20	32.00	28.70	69.70	2.10	-0.01	0.00
116.00	37.40	35.30	32.20	28.70	69.70	2.30	-0.01	0.00
116.10	37.40	35.30	32.20	28.70	69.50	2.10	0.00	0.00
116.20	37.20	35.20	32.10	28.80	69.70	2.10	0.00	0.00
116.30	37.30	35.10	32.00	28.60	68.50	2.40	0.00	0.00
116.40	37.30	35.10	32.00	28.60	69.70	2.40	0.00	0.00
116.50	37.40	35.40	32.00	28.70	69.70	2.40	0.00	0.00
116.60	37.40	35.20	32.20	28.70	70.00	2.30	0.00	0.00
116.70	37.40	35.20	32.20	28.70	69.50	2.30	0.00	0.00
116.80	37.40	35.20	32.10	28.70	69.50	2.10	0.00	0.00
116.90	37.40	35.20	32.10	28.70	69.70	2.30	0.00	0.00
117.00	37.40	35.20	32.10	28.60	69.50	2.40	0.00	0.00
117.10	37.30	35.30	32.00	28.50	69.80	2.60	0.00	0.00
117.20	37.30	35.30	32.00	28.50	69.70	2.30	0.00	0.00
117.30	37.20	35.10	32.00	28.60	69.40	2.10	0.00	0.00
117.40	37.30	35.10	32.10	28.70	69.50	2.40	0.00	0.00
117.50	37.30	35.10	32.10	28.70	69.50	2.40	0.00	0.00
117.60	37.40	35.20	32.00	28.80	69.80	2.40	0.00	0.00
117.70	37.20	35.20	32.00	28.70	69.70	2.70	0.00	0.00
117.80	37.20	35.20	32.00	28.70	69.50	2.30	0.00	0.00
117.90	37.40	35.30	32.20	28.80	69.50	2.40	0.00	0.00
118.00	37.40	35.30	32.10	28.80	69.70	2.40	0.00	0.00
118.10	37.40	35.30	32.10	28.80	69.70	2.10	0.00	0.00
118.20	37.20	35.20	31.90	28.60	69.70	2.40	0.00	0.00
118.30	37.40	35.30	32.10	28.80	69.80	2.00	0.00	0.00
118.40	37.40	35.30	32.10	28.80	69.80	2.00	0.00	0.00
118.50	37.30	35.10	31.90	28.60	69.70	2.60	0.00	0.00
118.60	37.30	35.30	32.10	28.60	69.20	2.10	0.00	0.00
118.70	37.30	35.30	32.10	28.60	69.80	1.20	0.00	0.00
118.80	37.40	35.30	32.10	28.80	69.20	2.00	0.00	0.00
118.90	37.30	35.20	32.10	28.60	69.40	2.10	0.00	0.00
119.00	37.30	35.20	32.10	28.60	69.70	2.60	0.00	0.00
119.10	37.30	35.30	32.00	28.70	69.50	2.40	0.00	0.00
119.20	37.30	35.20	32.00	28.60	69.70	2.30	0.00	0.00
119.30	37.30	35.20	32.00	28.60	69.70	2.30	0.00	0.00
119.40	37.30	35.30	32.10	28.90	69.70	2.30	0.00	0.00
119.50	37.30	35.30	31.90	28.60	69.80	2.10	0.00	0.00
119.60	37.30	35.30	31.90	28.60	69.70	0.70	0.00	0.00
119.70	37.10	35.20	32.10	28.60	69.50	2.00	0.00	0.00
119.80	37.20	35.20	32.00	28.70	69.80	2.40	0.00	0.00
119.90	37.20	35.20	32.00	28.70	69.80	2.10	0.00	0.00
120.00	37.30	35.20	32.10	28.80	69.80	2.40	0.00	0.00
120.10	37.40	35.40	32.10	28.70	69.40	2.30	0.00	0.00
120.20	37.40	35.40	32.10	28.70	69.40	2.30	0.00	0.00
120.30	37.30	35.20	32.10	28.70	69.70	2.60	0.00	0.00
120.40	37.20	35.10	32.00	28.60	69.40	2.10	0.00	0.00
120.50	37.20	35.10	32.00	28.60	69.40	2.30	0.00	0.00
120.60	37.20	35.20	32.00	28.70	69.80	2.40	0.00	0.00
120.70	37.30	35.20	32.10	28.70	69.40	2.10	0.00	0.00
120.80	37.30	35.20	32.10	28.70	69.70	2.60	0.00	0.00
120.90	37.10	35.20	32.00	28.60	69.70	2.60	0.00	0.00
121.00	37.20	35.20	32.00	28.60	69.80	2.30	0.00	0.00
121.10	37.20	35.20	32.00	28.60	69.80	2.30	0.00	0.00
121.20	37.20	35.20	32.00	28.70	70.10	2.30	0.00	0.00
121.30	37.30	35.10	32.10	28.80	69.20	2.30	0.00	0.00
121.40	37.30	35.10	32.10	28.80	69.40	2.30	0.00	0.00
121.50	37.30	35.10	32.10	28.70	69.70	2.60	0.00	0.00
121.60	37.30	35.20	32.10	28.80	69.70	2.60	0.00	0.00
121.70	37.30	35.20	32.10	28.80	69.80	2.10	0.00	0.00
121.80	37.20	35.20	32.10	28.70	69.70	2.00	0.00	0.00
121.90	37.20	35.30	32.10	28.70	69.40	2.70	0.00	0.00
122.00	37.20	35.30	32.10	28.70	69.40	2.70	0.00	0.00
122.10	37.20	35.10	32.00	28.60	69.40	2.30	0.00	0.00
122.20	37.20	35.20	32.00	28.70	69.80	2.10	0.00	0.00
122.30	37.20	35.20	32.00	28.70	69.20	2.30	0.00	0.00
122.40	37.30	35.10	32.10	28.70	69.50	2.60	0.00	0.00
122.50	37.20	35.20	32.10	28.70	69.20	1.80	0.00	0.00
122.60	37.20	35.20	32.10	28.70	69.70	2.40	0.00	0.00
122.70	37.20	35.30	32.10	28.70	69.50	2.70	0.00	0.00
122.80	37.20	35.30	32.10	28.70	69.50	2.10	0.00	0.00
122.90	37.20	35.10	31.90	28.70	69.50	2.10	0.00	0.00
123.00	37.30	35.30	32.00	28.70	69.40	2.30	0.00	0.00
123.10	37.30	35.30	32.00	28.70	69.80	2.40	0.00	0.00
123.20	37.20	35.30	32.10	28.80	69.50	2.10	0.00	0.00
123.30	37.20	35.30	32.10	28.80	69.40	2.30	0.00	0.00
123.40	37.20	35.10	32.10	28.70	69.40	2.10	0.00	0.00
123.50	37.20	35.20	32.20	28.70	69.50	2.30	0.00	0.00
123.60	37.20	35.20	32.20	28.70	69.20	2.40	0.00	0.00
123.70	37.30	35.20	32.10	28.80	69.50	1.00	0.00	0.00
123.80	37.30	35.20	32.10	28.80	69.40	2.40	0.00	0.00
123.90	37.20	35.20	32.00	28.60	69.40	2.40	0.00	0.00
124.00	37.10	35.20	32.00	28.80	69.50	2.60	0.00	0.00
124.10	37.10	35.20	32.00	28.80	69.50	2.30	0.00	0.00
124.20	37.20	35.20	32.00	28.70	69.50	2.30	0.00	0.00
124.30	37.20	35.20	32.00	28.80	69.40	2.40	0.00	0.00
124.40	37.20	35.20	32.00	28.80	69.70	2.00	0.00	0.00
124.50	37.20	35.20	32.00	28.70	69.50	2.30	0.00	0.00
124.60	37.20	35.10	32.00	28.70	69.50	2.30	0.00	0.00
124.70	37.20	35.10	32.00	28.70	69.70	2.10	0.00	0.00
124.80	37.20	35.10	32.00	28.70	69.70	2.10	0.00	0.00
124.90	37.20	35.20	32.10	28.80	70.00	2.60	0.00	0.00
125.00	37.20	35.20	32.10	28.80	69.50	2.60	0.00	0.00
125.10	37.20	35.20	32.00	28.80	69.50	2.40	0.00	0.00
125.20	37.20	35.20	32.00	28.80	69.50	2.40	0.00	0.00
125.30	37.20	35.20	32.10	28.80	69.70	2.30	0.00	0.00
125.40	37.10	35.10	31.90	28.70	69.50	2.30	0.00	0.00
125.50	37.10	35.10	31.90	28.70	69.40	2.00	0.00	0.00
125.60	37.20	35.20	32.00	28.80	69.50	2.00	0.00	0.00
125.70	37.10	35.20	32.10	28.70	69.40	1.80	0.00	0.00
125.80	37.20	35.10	32.10	28.70	69.40	1.80	0.00	0.00
125.90	37.20	35.10	32.10	28.70	69.50	1.80	0.00	0.00
126.00	37.00	35.20	32.10	28.80	70.00	2.10	0.00	0.00
126.10	37.00	35.20	32.10	28.80	69.80	2.10	0.00	0.00
126.20	37.30	35.20	32.20	28.80	69.50	2.10	0.00	0.00
126.30	37.30	35.30	32.20	28.90	69.50	2.10	0.00	0.00
126.40	37.30	35.30	32.20	28.90	70.00	2.30	0.00	0.00
126.50	37.20	35.10	32.10	28.80	69.50	2.10	0.00	0.00
126.60	37.20	35.20	32.10	28.90	69.70	2.40	0.00	0.00
126.70	37.20	35.20	32.10	28.90	69.50	2.40	0.00	0.00
126.80	37.10	35.10	31.90	28.90	69.50	2.40	0.00	0.00
126.90	37.10	35.10	32.00	28.80	69.80	2.30	0.00	0.00
127.00	37.10	35.10	32.00	28.80	69.70	2.10	0.00	0.00
127.10	37.20	35.10	32.20	28.90	69.70	2.40	0.00	0.00
127.20	37.10	35.00	31.90	28.60	69.10	2.40	0.00	0.00
127.30	37.10	35.00	31.90	28.60	69.80	2.30	0.00	0.00
127.40	37.00	35.10	31.90	28.80	70.00	2.00	0.00	0.00
127.50	37.00	35.10	31.90	28.80	69.40	2.10	0.00	0.00
127.60	37.20	35.20	32.10	28.80	70.00	2.10	0.00	0.00
127.70	37.20	35.20	32.10	28.80	70.00	2.10	0.00	0.00
127.80	37.20	35.20	32.10	28.80	69.20	2.40	0.00	0.00
127.90	37.40	35.30	32.10	28.90	69.70	2.40	0.00	0.00
128.00	37.20	35.20	32.00	28.80	69.70	2.40	0.00	0.00
128.10	37.20	35.20	32.00	28.80	69.70	2.60	0.00	0.00
128.20	37.10	35.10	32.10	28.70	69.80	2.60	0.00	0.00
128.30	37.10	35.10	32.00	28.70	69.40	2.10	0.00	0.00
128.40	37.10	35.10	32.00	28.70	69.50	2.00	0.00	0.00
128.50	37.10	35.10	32.10	28.70	69.50	2.40	0.00	0.00
128.60	37.00	35.00	32.00	28.70	69.50	2.40	0.00	0.00
128.70	37.00	35.00	32.00	28.70	69.20	2.40	0.00	0.00
128.80	37.10	35.20	32.00	28.70	69.50	2.30	0.00	0.00
128.90	37.00	35.10	32.10	28.70	69.10	2.40	0.00	0.00
129.00	37.00	35.10	32.10	28.70	69.50	1.80	0.00	0.00
129.10	37.20	35.30	32.20	28.80	68.90	2.30	0.00	0.00
129.20	37.20	35.30	32.20	28.80	69.50	2.30	0.00	0.00
129.30	37.10	35.10	31.90	28.60	69.80	2.60	0.00	0.00
129.40	37.20	35.10	32.00	28.70	69.70	2.30	0.00	0.00
129.50	37.20	35.10	32.00	28.70	69.50	2.40	0.00	0.00
129.60	37.10	35.10	32.10	28.70	69.50	2.40	0.00	0.00
129.70	37.00	35.00	32.10	28.70	69.70	2.60	0.00	0.00
129.80	37.00	35.00	32.10	28.70	69.70	2.10	0.00	0.00
129.90	37.30	35.30	32.20	28.80	69.50	2.60	0.00	0.00
130.00	37.30	35.30	32.20	28.80	69.70	2.10	0.00	0.00
130.10	37.10	35.10	32.00	28.70	69.50	2.40	0.00	0.00
130.20	37.10	35.10	31.90	28.70	69.40	2.00	0.00	0.00
130.30	37.10	35.10	31.90	28.70	69.50	2.10	0.00	0.00
130.40	37.00	35.20	32.00	28.70	69.50	2.10	0.00	0.00
130.50	37.00	35.10	32.00	28.70	69.50	2.10	0.00	0.00
130.60	37.00	35.10	32.00	28.70	69.50	2.10	0.00	0.00
130.70	37.10	35.20	32.10	28.70	69.40	2.60	0.00	0.00
130.80	37.10	35.10	31.90	28.70	69.70	2.00	0.00	0.00
130.90	37.10	35.10	31.90	28.70	69.40	2.00	0.00	0.00
131.00	37.00	35.00	31.90	28.60	69.40	2.10	0.00	0.00
131.10	37.10	35.10	32.00	28.70	69.20	2.30	0.00	0.00
131.20	37.10	35.10	32.00	28.70	69.40	2.00	0.00	0.00
131.30	36.90	35.10	31.90	28.70	69.80	2.00	0.00	0.00
131.40	37.10	35.10	32.00	28.80	69.40	2.40	0.00	0.00
131.50	37.10	35.10	32.00	28.80	69.40	2.40	0.00	0.00
131.60	37.10	35.20	32.00	28.80	70.10	2.40	0.00	0.00
131.70	37.00	35.10	32.00	28.70	69.70	2.10	0.00	0.00
131.80	37.00	35.10	32.00	28.70	69.70	2.40	0.00	0.00
131.90	37.00	35.10	32.00	28.60	69.20	1.80	0.00	0.00
132.00	37.10	35.20	32.10	28.80	69.40	1.80	0.00	0.00
132.10	37.10	35.20	32.10	28.80	69.40	1.80	0.00	0.00
132.20	37.00	35.20	32.00	28.80	69.50	2.10	0.00	0.00
132.30	37.00	35.10	32.00	28.70	69.40	2.30	0.00	0.00
132.40	37.00	35.10	32.00	28.70	69.40	2.30	0.00	0.00
132.50	37.00	35.20	31.90	28.80	69.50	2.90	0.00	0.00
132.60	37.00	35.20	31.90	28.80	69.20	2.40	0.00	0.00
132.70	37.00	35.30	32.10	28.90	69.40	2.70	0.00	0.00
132.80	36.90	35.00	31.90	28.70	69.80	2.00	0.00	0.00
132.90	36.90	35.00	31.90	28.70	69.70	2.60	0.00	0.00
133.00	37.00	35.10	32.00	28.80	69.20	2.90	0.00	0.00
133.10	37.20	35.20	32.10	28.80	68.90	2.30	0.00	0.00
133.20	37.20	35.20	32.10	28.80	69.50	2.30	0.00	0.00
133.30	36.90	35.20	31.90	28.80	69.20	2.30	0.00	0.00
133.40	37.00	35.10	32.00	28.70	69.20	2.30	0.00	0.00
133.50	37.00	35.10	32.00	28.70	69.20	2.10	0.00	0.00
133.60	37.10	35.10	32.00	28.80	69.70	1.80	0.00	0.00
133.70	36.90	35.10	32.00	28.80	69.80	2.00	0.00	0.00
133.80	36.90	35.10	32.00	28.80	69.70	2.00	0.00	0.00
133.90	37.00	35.10	32.00	28.70	69.70	2.60	0.00	0.00
134.00	37.00	35.00	32.00	28.60	70.00	2.30	0.00	0.00
134.10	37.00	35.00	32.00	28.60	69.70	2.10	0.00	0.00
134.20	36.90	34.90	31.80	28.70	69.80	2.30	0.00	0.00
134.30	37.00	35.20	31.90	28.70	69.80	2.30	0.00	0.00
134.40	37.00	35.20	31.90	28.70	69.50	2.10	0.00	0.00
134.50	36.90	35.20	32.00	28.80	69.40	2.00	0.00	0.00
134.60	37.00	35.00	31.90	28.70	69.70	2.30	0.00	0.00
134.70	37.00	35.00	31.90	28.70	69.50	2.30	0.00	0.00
134.80	37.00	35.10	31.90	28.80	69.70	2.90	0.00	0.00
134.90	37.00	35.10	31.90	28.80	68.90	2.00	0.00	0.00
135.00	37.10	35.20	32.00	28.70	69.70	2.30	0.00	0.00
135.10	37.10	35.20	32.00	28.70	69.70	2.60	0.00	0.00
135.20	37.10	35.20	32.00	28.70	69.70	2.00	0.00	0.00
135.30	36.90	35.20	31.90	28.80	69.50	2.60	0.00	0.00
135.40	37.00	35.30	32.10	28.80	70.00	2.40	0.00	0.00
135.50	37.00	35.30	32.10	28.80	69.50	2.70	0.00	0.00
135.60	37.00	35.20	32.00	28.90	69.70	2.30	0.00	0.00
135.70	37.00	35.10	32.00	28.80	69.70	2.30	0.00	0.00
135.80	37.00	35.10	32.00	28.80	69.40	2.30	0.00	0.00
135.90	36.90	35.10	32.00	28.80	69.40	2.30	0.00	0.00
136.00	36.90	35.10	32.00	28.80	69.50	2.40	0.00	0.00
136.10	36.90	35.10	32.00	28.80	69.50	2.40	0.00	0.00
136.20	37.00	35.10	32.10	28.70	70.50	1.80	0.00	0.00
136.30	37.00	35.20	32.00	28.70	69.20	2.40	0.00	0.00
136.40	37.00	35.20	32.00	28.70	70.50	2.30	0.00	0.00
136.50	37.00	35.20	32.10	28.80	69.50	2.00	0.00	0.00
136.60	36.90	35.10	32.00	28.80	69.70	2.30	0.00	0.00
136.70	36.90	35.10	32.00	28.80	69.50	2.30	0.00	0.00
136.80	37.20	35.30	32.10	28.90	69.20	2.40	0.00	0.00
136.90	36.90	35.10	32.00	28.70	69.20	2.00	0.00	0.00
137.00	36.90	35.10	32.00	28.70	69.40	2.30	0.00	0.00
137.10	37.00	35.10	32.00	28.90	69.40	2.30	0.00	0.00
137.20	37.00	35.10	32.00	28.90	69.70	2.60	0.00	0.00
137.30	36.90	35.00	32.10	28.80	69.20	2.30	0.00	0.00
137.40	37.10	35.20	32.10	28.80	69.70	2.30	0.00	0.00
137.50	37.10	35.20	32.10	28.80	69.50	2.60	0.00	0.00
137.60	36.90	35.00	32.00	28.80	69.70	2.30	0.00	0.00
137.70	37.00	35.20	32.00	28.90	69.50	1.80	0.00	0.00
137.80	37.00	35.20	32.00	28.90	69.50	2.00	0.00	0.00
137.90	36.90	35.10	32.00	28.80	69.80	2.30	0.00	0.00
138.00	37.10	35.30	32.10	29.00	69.80	2.30	0.00	0.00
138.10	37.10	35.30	32.10	29.00	70.00	2.40	0.00	0.00
138.20	37.00	35.20	32.10	28.80	69.40	2.30	0.00	0.00
138.30	37.00	35.20	32.10	28.80	69.70	2.60	0.00	0.00
138.40	36.90	35.10	32.00	28.90	69.50	2.30	0.00	0.00
138.50	37.00	35.20	32.10	28.90	69.20	2.40	0.00	0.00
138.60	37.00	35.20	32.10	28.90	69.70	2.30	0.00	0.00
138.70	36.80	35.00	31.90	28.90	69.50	2.10	0.00	0.00
138.80	36.80	35.10	32.00	28.80	67.20	2.60	0.00	0.00
138.90	36.80	35.10	32.00	28.80	69.20	2.10	0.00	0.00
139.00	36.90	35.10	32.00	28.80	69.20	2.10	0.00	0.00
139.10	36.80	35.20	32.10	28.80	69.50	2.60	0.00	0.00
139.20	36.80	35.20	32.10	28.80	69.80	2.00	0.00	0.00
139.30	36.90	35.10	32.00	28.80	69.40	1.80	0.00	0.00
139.40	36.90	35.20	32.00	28.80	69.40	2.40	0.00	0.00
139.50	36.90	35.20	32.00	28.80	69.50	2.30	0.00	0.00
139.60	36.90	35.10	32.10	28.90	69.50	2.00	0.00	0.00
139.70	37.00	35.20	32.10	28.90	69.50	2.10	0.00	0.00
139.80	37.00	35.20	32.10	28.90	69.50	2.90	0.00	0.00
139.90	37.00	35.00	32.00	28.80	69.40	2.40	0.00	0.00
140.00	36.90	35.10	32.00	28.80	69.40	2.40	0.00	0.00
140.10	36.90	35.10	32.00	28.80	69.80	2.30	0.00	0.00
140.20	36.90	35.10	32.00	28.70	69.40	2.30	0.00	0.00
140.30	36.90	35.10	32.00	28.70	70.00	2.30	0.00	0.00
140.40	36.90	35.10	32.20	29.00	69.20	2.10	0.00	0.00
140.50	36.90	35.10	32.10	28.80	69.50	2.40	0.00	0.00
140.60	36.90	35.10	32.10	28.80	69.70	2.30	0.00	0.00
140.70	37.00	35.10	32.00	28.90	67.70	2.70	0.00	0.00
140.80	36.80	35.00	31.90	28.70	69.50	2.40	0.00	0.00
140.90	36.80	35.00	31.90	28.70	69.50	2.10	0.00	0.00
141.00	36.70	35.00	32.10	28.80	69.70	2.40	0.00	0.00
141.10	36.80	35.00	31.90	28.80	68.30	2.40	0.00	0.00
141.20	36.80	35.00	31.90	28.80	69.50	2.90	0.00	0.00
141.30	36.90	35.10	32.00	28.70	69.20	1.80	0.00	0.00
141.40	36.90	35.10	32.00	28.70	69.40	2.40	0.00	0.00
141.50	36.80	35.00	31.90	28.90	70.00	2.60	0.00	0.00
141.60	36.70	35.00	32.00	28.80	68.90	2.10	0.00	0.00
141.70	36.70	35.00	32.00	28.80	68.30	2.30	0.00	0.00
141.80	36.90	35.10	32.00	28.70	69.50	2.30	0.00	0.00
141.90	36.90	35.10	32.10	28.80	69.50	2.30	0.00	0.00
142.00	36.90	35.10	32.10	28.80	69.40	2.30	0.00	0.00
142.10	36.70	35.00	32.00	28.80	69.70	2.40	0.00	0.00
142.20	36.70	35.00	32.00	28.80	69.40	2.10	0.00	0.00
142.30	36.80	35.10	32.00	28.80	69.10	2.30	0.00	0.00
142.40	36.90	35.10	32.10	28.90	69.70	2.40	0.00	0.00
142.50	36.90	35.10	32.10	28.90	69.50	2.30	0.00	0.00
142.60	37.00	35.10	32.00	28.90	69.20	2.10	0.00	0.00
142.70	36.80	35.00	31.90	28.70	69.40	2.30	0.00	0.00
142.80	36.80	35.00	31.90	28.70	69.20	2.00	0.00	0.00
142.90	36.90	35.10	32.10	28.90	69.20	2.00	0.00	0.00
143.00	36.90	35.10	32.10	28.90	69.70	2.40	0.00	0.00
143.10	36.80	35.00	32.10	28.80	69.40	2.00	0.00	0.00
143.20	36.90	35.00	32.00	28.70	69.80	2.60	0.00	0.00
143.30	36.90	35.00	32.00	28.70	69.40	2.10	0.00	0.00
143.40	36.90	35.10	32.10	28.90	69.20	1.80	0.00	0.00
143.50	36.90	35.00	32.10	28.70	69.70	2.40	0.00	0.00
143.60	36.90	35.00	32.10	28.70	70.00	2.00	0.00	0.00
143.70	36.90	35.00	32.10	28.80	67.70	2.40	0.00	0.00
143.80	36.80	34.90	31.90	28.80	67.70	2.40	0.00	0.00
143.90	36.80	34.90	31.90	28.80	69.70	2.30	0.00	0.00
144.00	36.80	35.00	32.00	28.90	69.70	2.40	0.00	0.00
144.10	37.00	34.90	32.10	28.90	69.80	1.50	0.00	0.00
144.20	37.00	35.00	32.10	28.80	69.70	2.30	0.00	0.00
144.30	37.00	35.00	32.10	28.80	69.50	2.60	0.00	0.00
144.40	36.90	35.00	32.00	28.80	69.40	3.20	0.00	0.00
144.50	36.90	35.00	32.00	28.80	69.20	2.30	0.00	0.00
144.60	36.90	35.00	32.20	29.00	69.50	1.80	0.00	0.00
144.70	36.90	35.10	32.10	28.90	69.50	1.80	0.00	0.00
144.80	36.90	35.10	32.10	28.90	68.80	2.30	0.00	0.00
144.90	36.90	35.00	32.00	28.90	69.40	2.30	0.00	0.00
145.00	36.80	35.10	32.20	28.80	68.90	2.30	0.00	0.00
145.10	36.80	35.10	32.20	28.80	69.50	2.40	0.00	0.00
145.20	36.70	34.90	32.00	28.80	69.40	2.60	0.00	0.00
145.30	36.60	34.90	31.90	28.80	69.40	2.10	0.00	0.00
145.40	36.60	34.90	31.90	28.80	69.70	2.00	0.00	0.00
145.50	36.70	34.90	32.00	28.80	69.40	2.30	0.00	0.00
145.60	36.90	34.90	32.00	28.80	69.40	2.30	0.00	0.00
145.70	36.90	34.90	32.00	28.80	68.90	2.10	0.00	0.00
145.80	36.90	34.90	32.10	28.80	69.70	2.30	0.00	0.00
145.90	36.90	34.90	32.10	28.80	69.50	2.30	0.00	0.00
146.00	36.90	35.10	32.10	28.90	69.50	2.60	0.00	0.00
146.10	36.80	34.90	32.00	28.90	69.80	0.10	0.00	0.00
146.20	36.80	34.90	32.00	28.90	69.70	2.40	0.00	0.00
146.30	36.80	35.00	32.00	28.90	69.70	2.70	0.00	0.00
146.40	36.80	35.00	32.10	28.80	69.40	2.60	0.00	0.00
146.50	36.80	35.00	32.10	28.80	69.40	2.60	0.00	0.00
146.60	36.90	35.00	32.20	28.90	69.40	1.70	0.00	0.00
146.70	36.90	35.00	32.20	28.90	69.40	2.10	0.00	0.00
146.80	36.80	34.90	32.00	28.90	69.50	2.70	0.00	0.00
146.90	36.70	34.80	32.10	28.70	69.20	2.00	0.00	0.00
147.00	36.70	34.80	32.10	28.70	69.70	3.00	0.00	0.00
147.10	36.80	34.90	32.00	28.90	69.50	2.00	0.00	0.00
147.20	36.80	34.90	32.00	28.90	70.00	2.70	0.00	0.00
147.30	36.80	34.90	32.00	28.90	69.20	2.00	0.00	0.00
147.40	36.90	35.10	32.10	28.90	69.40	2.60	0.00	0.00
147.50	36.80	34.90	32.10	28.90	69.20	2.40	0.00	0.00
147.60	36.80	34.90	32.10	28.90	69.50	2.70	0.00	0.00
147.70	36.80	34.90	32.00	28.80	69.70	2.90	0.00	0.00
147.80	36.80	34.90	32.00	28.80	69.20	2.30	0.00	0.00
147.90	36.80	34.90	32.10	28.80	70.00	2.30	0.00	0.00
148.00	36.70	34.80	31.90	28.70	69.20	2.30	0.00	0.00
148.10	36.70	34.80	31.90	28.70	69.50	2.40	0.00	0.00
148.20	36.70	34.70	31.90	28.70	69.20	2.40	0.00	0.00
148.30	36.80	34.90	32.00	28.70	69.50	2.60	0.00	0.00
148.40	36.80	34.90	32.00	28.70	69.50	2.60	0.00	0.00
148.50	36.80	35.00	32.00	28.90	69.20	2.30	0.00	0.00
148.60	36.80	35.00	32.00	28.90	69.40	2.40	0.00	0.00
148.70	36.70	34.80	32.10	28.80	69.80	2.10	0.00	0.00
148.80	36.80	34.90	32.10	28.80	69.40	2.00	0.00	0.00
148.90	36.80	34.90	32.10	28.80	69.50	2.00	0.00	0.00
149.00	36.60	34.90	31.90	28.80	69.20	2.60	0.00	0.00
149.10	36.70	35.00	32.00	29.00	69.80	2.30	0.00	0.00
149.20	36.70	35.00	32.00	29.00	69.70	2.40	0.00	0.00
149.30	36.80	34.90	32.00	28.90	69.70	2.40	0.00	0.00
149.40	36.80	35.00	32.10	28.80	69.70	2.40	0.00	0.00
149.50	36.80	35.00	32.10	28.80	69.80	2.10	0.00	0.00
149.60	36.80	35.00	32.10	28.90	69.50	2.30	0.00	0.00
149.70	36.60	34.80	32.00	28.80	69.70	2.60	0.00	0.00
149.80	36.60	34.80	32.00	28.80	68.10	2.60	0.00	0.00
149.90	36.70	34.90	32.00	28.80	69.40	2.40	0.00	0.00
150.00	36.70	34.90	32.00	28.80	69.20	2.10	0.00	0.00
150.10	36.80	35.00	32.20	28.90	69.70	2.60	0.00	0.00
150.20	36.60	34.90	32.00	28.80	69.50	2.10	0.00	0.00
150.30	36.60	34.90	32.00	28.80	69.50	2.10	0.00	0.00
150.40	36.90	34.90	32.10	28.80	69.80	2.40	0.00	0.00
150.50	36.90	34.90	32.10	28.80	69.70	2.30	0.00	0.00
150.60	36.70	34.90	32.00	28.80	69.50	2.00	0.00	0.00
150.70	36.80	34.90	32.00	28.80	69.20	2.30	0.00	0.00
150.80	36.80	34.90	32.00	28.80	69.50	2.10	0.00	0.00
150.90	36.70	34.80	32.00	28.70	69.70	3.00	0.00	0.00
151.00	36.70	34.90	32.00	28.80	69.20	2.60	0.00	0.00
151.10	36.70	34.90	32.00	28.80	69.40	2.40	0.00	0.00
151.20	36.70	34.90	32.00	28.80	69.70	2.40	0.00	0.00
151.30	36.80	34.90	32.10	28.80	69.70	2.40	0.00	0.00
151.40	36.80	34.90	32.10	28.80	69.20	2.40	0.00	0.00
151.50	36.80	34.90	32.00	28.70	69.40	2.60	0.00	0.00
151.60	36.80	35.00	32.10	28.90	69.70	2.30	0.00	0.00
151.70	36.80	35.00	32.10	28.90	70.10	2.10	0.00	0.00
151.80	36.80	34.90	32.00	28.90	69.40	2.10	0.00	0.00
151.90	36.80	34.90	32.00	28.80	69.40	2.30	0.00	0.00
152.00	36.80	34.90	32.00	28.80	69.70	2.60	0.00	0.00
152.10	36.70	34.90	32.10	28.90	69.80	2.10	0.00	0.00
152.20	36.70	34.90	32.10	28.90	69.80	2.10	0.00	0.00
152.30	36.80	35.00	32.00	28.70	69.80	2.70	0.00	0.00
152.40	36.80	35.00	32.10	28.80	69.80	2.40	0.00	0.00
152.50	36.80	35.00	32.10	28.80	69.40	2.00	0.00	0.00
152.60	36.60	34.90	31.90	28.70	69.20	2.10	0.00	0.00
152.70	36.80	35.00	32.00	28.90	69.50	2.00	0.00	0.00
152.80	36.80	35.00	32.00	28.90	69.40	2.30	0.00	0.00
152.90	36.70	34.90	32.00	28.90	69.50	2.10	0.00	0.00
153.00	36.70	35.00	32.00	28.90	69.40	2.70	0.00	0.00
153.10	36.70	35.00	32.00	28.90	69.40	2.70	0.00	0.00
153.20	36.70	35.00	32.10	28.80	69.50	2.10	0.00	0.00
153.30	36.70	35.00	32.00	28.90	69.40	3.30	0.00	0.00
153.40	36.70	35.00	32.00	28.90	69.70	2.30	0.00	0.00
153.50	36.70	35.00	31.90	28.80	69.80	2.10	0.00	0.00
153.60	36.50	34.80	31.90	28.70	69.50	2.10	0.00	0.00
153.70	36.50	34.80	31.90	28.70	69.80	2.30	0.00	0.00
153.80	36.60	35.00	32.00	28.90	69.50	2.40	0.00	0.00
153.90	36.70	35.00	32.00	28.90	69.40	1.80	0.00	0.00
154.00	36.70	35.00	32.00	28.90	69.20	2.30	0.00	0.00
