Ambient Temperature(C): 24.3
Ambient Pressure(in Hg): 29.3
Time(s)	T1(Deg C)	Wall Temp(Deg C)	Top Plate(Deg C)	Bottom Plate(Deg C)	P1(PSI)	P2(PSI)	Mass Flowrate(g/min)	Heater Energy (kJ)

0.00	35.60	32.20	29.40	27.30	0.90	1.50	0.00	0.00
0.10	35.60	32.20	29.40	27.30	0.70	1.70	0.00	0.00
0.20	35.80	32.20	29.30	27.30	0.70	1.70	0.00	0.00
0.30	35.60	32.10	29.40	27.20	1.20	1.70	0.00	0.00
0.40	35.60	32.10	29.40	27.20	0.90	1.50	0.00	0.00
0.50	35.70	32.20	29.40	27.30	0.90	1.80	0.00	0.00
0.60	35.70	32.20	29.40	27.40	1.00	1.70	0.00	0.00
0.70	35.70	32.20	29.40	27.40	0.70	1.70	0.00	0.00
0.80	35.70	32.20	29.40	27.30	0.70	1.70	0.00	0.00
0.90	35.70	32.20	29.40	27.30	0.70	1.70	0.00	0.00
1.00	35.60	32.00	29.30	27.20	0.90	1.30	0.00	0.00
1.10	35.70	32.00	29.30	27.30	0.90	1.30	0.00	0.00
1.20	35.70	32.00	29.30	27.30	0.90	1.30	0.00	0.00
1.30	35.60	32.10	29.30	27.30	0.70	1.20	0.00	0.00
1.40	35.60	32.10	29.40	27.30	0.60	1.70	0.00	0.00
1.50	35.60	32.10	29.40	27.30	0.90	1.70	0.00	0.00
1.60	35.70	32.20	29.40	27.30	0.60	1.50	0.00	0.00
1.70	35.70	32.10	29.30	27.20	1.20	1.00	0.00	0.00
1.80	35.70	32.10	29.30	27.20	0.90	1.70	0.00	0.00
1.90	35.70	32.10	29.30	27.40	0.60	1.80	0.00	0.00
2.00	35.70	32.10	29.30	27.30	0.60	1.80	0.00	0.00
2.10	35.70	32.10	29.30	27.30	0.90	1.80	0.00	0.00
2.20	35.70	32.20	29.40	27.40	0.90	1.50	0.00	0.00
2.30	35.70	32.20	29.40	27.40	1.20	1.80	0.00	0.00
2.40	35.70	32.20	29.40	27.30	0.70	1.50	0.00	0.00
2.50	35.60	32.10	29.20	27.20	0.60	1.70	0.00	0.00
2.60	35.60	32.10	29.20	27.20	0.60	1.70	0.00	0.00
2.70	35.70	32.20	29.30	27.20	0.90	1.50	0.00	0.00
2.80	35.80	32.10	29.40	27.40	1.00	1.70	0.00	0.00
2.90	35.80	32.10	29.40	27.40	1.00	1.70	0.00	0.00
3.00	35.70	32.00	29.30	27.20	0.70	1.20	0.00	0.00
3.10	35.60	32.00	29.40	27.20	0.70	1.50	0.00	0.00
3.20	35.60	32.00	29.40	27.20	1.00	1.70	0.00	0.00
3.30	35.70	32.00	29.30	27.20	0.60	2.00	0.00	0.00
3.40	35.50	32.00	29.30	27.20	0.90	1.70	0.00	0.00
3.50	35.50	32.00	29.30	27.20	0.90	1.50	-0.05	0.00
3.60	35.70	32.00	29.40	27.20	0.70	2.00	-0.01	0.00
3.70	35.60	32.00	29.30	27.30	0.90	1.70	0.00	0.00
3.80	35.60	32.00	29.30	27.30	0.90	1.70	0.00	0.00
3.90	35.70	32.00	29.40	27.30	0.70	1.80	0.00	0.00
4.00	35.70	32.00	29.40	27.20	0.70	1.80	0.00	0.00
4.10	35.70	32.00	29.40	27.20	0.40	1.30	0.00	0.00
4.20	35.70	32.10	29.30	27.20	0.30	1.50	0.00	0.00
4.30	35.70	32.10	29.30	27.20	0.60	2.00	0.00	0.00
4.40	35.70	32.10	29.30	27.20	0.60	1.70	0.01	0.00
4.50	35.60	31.90	29.20	27.20	0.90	1.30	0.01	0.00
4.60	35.70	32.10	29.30	27.30	1.20	1.70	0.01	0.00
4.70	35.70	32.10	29.30	27.30	1.20	1.70	0.01	0.00
4.80	35.70	32.20	29.50	27.20	0.90	1.30	0.01	0.00
4.90	35.70	32.20	29.50	27.20	0.70	1.30	0.01	0.00
5.00	35.80	32.10	29.40	27.30	0.70	1.30	0.01	0.00
5.10	35.70	32.10	29.30	27.10	0.70	1.80	0.01	0.00
5.20	35.80	32.10	29.30	27.30	1.00	1.50	0.01	0.00
5.30	35.80	32.10	29.30	27.30	0.70	2.40	0.00	0.00
5.40	35.80	32.20	29.40	27.30	0.70	1.50	0.00	0.00
5.50	35.60	32.00	29.30	27.20	0.90	1.50	0.00	0.00
5.60	35.60	32.00	29.30	27.20	0.90	1.50	0.00	0.00
5.70	35.70	32.20	29.50	27.10	0.90	1.50	0.00	0.00
5.80	35.70	32.20	29.50	27.10	0.70	1.70	0.00	0.00
5.90	35.50	32.00	29.30	27.20	0.90	1.50	0.00	0.00
6.00	35.70	32.00	29.30	27.10	0.60	2.00	0.00	0.00
6.10	35.70	32.00	29.30	27.10	0.90	1.80	0.00	0.00
6.20	35.90	32.10	29.40	27.30	0.60	2.00	0.00	0.00
6.30	35.80	32.10	29.30	27.20	0.90	1.70	0.00	0.00
6.40	35.80	32.10	29.30	27.20	0.90	1.70	0.00	0.00
6.50	35.90	32.10	29.40	27.30	0.90	1.50	0.00	0.00
6.60	35.80	32.10	29.30	27.20	0.90	1.70	0.00	0.00
6.70	35.80	32.10	29.30	27.20	0.90	1.50	0.00	0.00
6.80	35.80	32.10	29.40	27.20	0.90	1.70	0.00	0.00
6.90	35.90	32.10	29.40	27.30	0.60	1.50	0.00	0.00
7.00	35.90	32.10	29.40	27.30	0.60	1.80	0.00	0.00
7.10	35.70	32.10	29.30	27.20	0.90	1.50	0.00	0.00
7.20	34.40	32.10	29.30	27.20	1.80	2.00	12.24	0.00
7.30	34.40	32.10	29.30	27.20	2.70	2.00	5.56	0.00
7.40	35.10	32.10	29.40	27.30	2.10	2.00	0.90	0.00
7.50	35.50	32.10	29.30	27.10	2.10	2.00	-0.19	0.00
7.60	35.50	32.10	29.30	27.10	1.80	2.40	-0.47	0.00
7.70	35.60	32.10	29.30	27.20	1.80	2.40	-0.55	0.00
7.80	35.70	32.00	29.40	27.40	1.60	1.80	-0.57	0.00
7.90	35.70	32.00	29.40	27.40	2.00	2.00	-0.58	0.00
8.00	35.40	32.10	29.20	27.20	1.30	2.10	-0.59	0.00
8.10	35.40	32.20	29.40	27.30	1.50	2.00	-0.59	0.00
8.20	35.40	32.20	29.40	27.30	1.20	2.10	-0.59	0.00
8.30	35.10	32.10	29.30	27.20	0.90	1.50	-0.59	0.00
8.40	35.10	32.10	29.30	27.20	0.90	1.50	-0.25	0.00
8.50	34.90	32.10	29.20	27.10	1.00	1.30	-0.10	0.00
8.60	35.00	32.20	29.40	27.20	0.90	1.80	-0.07	0.00
8.70	35.00	32.20	29.40	27.20	0.90	2.10	-0.07	0.00
8.80	34.90	32.20	29.30	27.40	0.90	2.00	-0.07	0.00
8.90	34.80	32.20	29.50	27.30	0.90	2.00	-0.07	0.00
9.00	34.80	32.20	29.50	27.30	0.90	1.80	-0.07	0.00
9.10	34.80	32.20	29.30	27.20	1.00	1.70	-0.07	0.00
9.20	34.80	32.20	29.40	27.30	0.70	2.00	-0.07	0.00
9.30	34.80	32.20	29.40	27.30	0.70	1.80	-0.07	0.00
9.40	34.60	32.00	29.30	27.20	0.90	2.00	-0.04	0.00
9.50	34.70	32.10	29.30	27.20	1.00	1.70	-0.01	0.00
9.60	34.70	32.10	29.30	27.20	0.90	1.70	0.00	0.00
9.70	34.80	32.10	29.40	27.20	0.90	2.00	0.00	0.00
9.80	34.80	32.10	29.40	27.20	0.70	1.80	0.00	0.00
9.90	34.80	32.10	29.40	27.30	0.90	1.80	0.00	0.00
10.00	34.80	32.00	29.30	27.20	0.70	2.00	0.00	0.00
10.10	34.90	32.00	29.30	27.30	1.00	2.60	0.00	0.00
10.20	34.90	32.00	29.30	27.30	1.30	1.80	0.00	0.00
10.30	34.90	32.10	29.40	27.30	1.30	1.80	0.00	0.00
10.40	34.90	32.10	29.40	27.30	1.20	1.70	0.00	0.00
10.50	35.00	32.10	29.30	27.30	1.00	1.80	0.15	0.00
10.60	35.00	32.10	29.30	27.30	0.70	1.50	7.74	0.00
10.70	35.00	32.10	29.30	27.30	0.70	1.70	9.63	0.00
10.80	35.00	31.90	29.20	27.20	0.70	1.80	10.03	0.00
10.90	35.20	32.10	29.40	27.30	1.20	1.30	10.10	0.00
11.00	35.20	32.10	29.40	27.30	1.00	1.80	10.10	0.00
11.10	35.30	32.00	29.30	27.00	0.90	2.10	10.09	0.00
11.20	35.30	32.00	29.30	27.00	0.70	1.80	10.07	0.00
11.30	35.40	32.20	29.40	27.30	0.70	1.80	10.06	0.00
11.40	35.50	32.20	29.50	27.40	1.20	1.70	10.05	0.00
11.50	35.50	32.20	29.50	27.40	1.00	2.00	10.04	0.00
11.60	35.60	32.10	29.30	27.30	1.30	1.70	10.03	0.00
11.70	35.70	32.00	29.30	27.40	1.20	2.90	10.02	0.00
11.80	35.70	32.00	29.30	27.40	1.20	1.70	10.02	0.00
11.90	35.90	32.10	29.40	27.30	1.60	1.70	10.02	0.00
12.00	35.80	32.10	29.20	27.20	1.30	1.70	10.02	0.00
12.10	35.80	32.10	29.20	27.20	1.60	1.80	10.01	0.00
12.20	36.00	32.20	29.40	27.40	1.60	1.80	10.01	0.00
12.30	36.00	32.20	29.40	27.40	1.80	1.80	10.01	0.00
12.40	36.00	32.00	29.30	27.30	1.80	2.00	10.01	0.00
12.50	36.10	32.20	29.40	27.30	1.60	2.60	10.01	0.00
12.60	36.10	32.20	29.40	27.30	1.60	1.80	10.01	0.00
12.70	36.20	32.10	29.40	27.30	1.50	1.70	10.01	0.00
12.80	36.10	32.10	29.20	27.30	1.60	1.70	10.01	0.00
12.90	36.10	32.10	29.20	27.30	1.60	1.70	10.01	0.00
13.00	36.20	32.20	29.50	27.30	1.50	1.50	10.01	0.00
13.10	36.30	32.20	29.40	27.30	1.50	1.50	10.01	0.00
13.20	36.30	32.20	29.40	27.30	1.80	1.70	10.01	0.00
13.30	36.20	32.10	29.40	27.30	1.60	1.70	10.01	0.00
13.40	36.20	32.10	29.40	27.30	2.00	1.80	10.01	0.00
13.50	36.40	32.10	29.40	27.40	2.00	1.20	10.01	0.00
13.60	36.50	32.10	29.50	27.40	1.60	2.00	10.01	0.00
13.70	36.50	32.10	29.50	27.40	1.60	1.70	10.01	0.00
13.80	36.40	32.00	29.20	27.20	2.00	1.80	10.01	0.00
13.90	36.40	32.10	29.30	27.30	2.30	1.70	10.01	0.00
14.00	36.40	32.10	29.30	27.30	1.60	1.70	10.01	0.00
14.10	36.60	32.10	29.40	27.40	1.60	1.70	10.01	0.00
14.20	36.50	32.00	29.30	27.20	1.80	1.30	10.01	0.00
14.30	36.50	32.00	29.30	27.20	2.10	1.80	10.01	0.00
14.40	36.50	32.10	29.30	27.30	2.10	1.70	10.01	0.00
14.50	36.70	32.10	29.50	27.40	2.10	1.70	10.01	0.00
14.60	36.70	32.10	29.50	27.40	2.10	1.50	10.01	0.00
14.70	36.50	32.00	29.30	27.20	2.10	1.70	10.01	0.00
14.80	36.70	32.10	29.30	27.30	2.10	1.70	10.01	0.00
14.90	36.70	32.10	29.30	27.30	2.10	1.80	10.01	0.00
15.00	36.60	32.00	29.30	27.30	2.10	1.80	10.01	0.00
15.10	36.60	32.00	29.30	27.30	2.30	1.00	10.01	0.00
15.20	36.70	32.10	29.40	27.30	2.60	2.00	10.01	0.00
15.30	36.70	32.00	29.40	27.30	2.40	2.00	10.01	0.00
15.40	36.70	32.00	29.40	27.30	2.30	0.10	10.01	0.00
15.50	36.70	32.00	29.30	27.30	2.40	1.70	10.01	0.00
15.60	36.70	32.00	29.30	27.30	2.60	1.80	10.01	0.00
15.70	36.70	32.10	29.40	27.40	2.60	2.00	10.01	0.00
15.80	36.70	32.10	29.40	27.30	2.70	1.50	10.01	0.00
15.90	36.70	32.10	29.40	27.30	2.60	2.40	10.01	0.00
16.00	36.70	32.10	29.30	27.30	2.60	2.40	10.01	0.00
16.10	36.80	32.10	29.30	27.40	2.30	1.70	10.01	0.00
16.20	36.80	32.10	29.30	27.40	2.70	1.70	10.01	0.00
16.30	36.70	32.10	29.40	27.50	2.40	1.70	10.01	0.00
16.40	36.80	32.10	29.30	27.30	2.70	0.30	10.01	0.00
16.50	36.80	32.10	29.30	27.30	2.70	1.70	10.01	0.00
16.60	36.70	32.20	29.40	27.40	2.90	1.70	10.01	0.00
16.70	36.80	32.10	29.40	27.30	3.00	1.70	10.01	0.00
16.80	36.80	32.10	29.40	27.30	2.60	1.50	10.01	0.00
16.90	36.80	32.10	29.30	27.30	2.70	1.80	10.01	0.00
17.00	36.80	32.10	29.20	27.30	2.70	1.80	10.01	0.00
17.10	36.80	32.10	29.20	27.30	3.00	1.70	10.01	0.00
17.20	36.90	32.10	29.40	27.40	2.70	2.00	10.00	0.00
17.30	36.80	32.00	29.30	27.30	2.70	1.30	10.01	0.00
17.40	36.80	32.00	29.30	27.30	2.70	1.70	10.01	0.00
17.50	36.80	32.00	29.30	27.20	2.90	2.00	17.11	0.00
17.60	36.80	32.00	29.20	27.30	2.70	1.50	19.49	0.00
17.70	36.80	32.00	29.20	27.30	3.50	1.50	19.94	0.00
17.80	36.90	32.10	29.40	27.40	3.50	1.70	20.02	0.00
17.90	36.90	32.10	29.30	27.30	3.50	1.70	20.03	0.00
18.00	36.90	32.10	29.30	27.30	3.30	1.30	20.02	0.00
18.10	37.00	32.10	29.30	27.30	3.30	3.00	20.02	0.00
18.20	37.20	32.10	29.40	27.20	3.30	1.80	20.01	0.00
18.30	37.20	32.10	29.40	27.20	3.20	2.10	20.01	0.00
18.40	37.00	31.90	29.30	27.20	3.30	2.10	20.01	0.00
18.50	37.00	31.90	29.30	27.20	3.30	2.00	20.01	0.00
18.60	37.20	32.10	29.40	27.30	3.50	1.30	20.01	0.00
18.70	37.40	32.10	29.40	27.30	3.80	1.70	20.01	0.00
18.80	37.40	32.10	29.40	27.30	3.80	1.70	20.01	0.00
18.90	37.30	31.90	29.30	27.20	3.50	1.80	20.01	0.00
19.00	37.50	32.00	29.30	27.30	4.10	1.70	20.01	0.00
19.10	37.50	32.00	29.30	27.30	4.30	1.80	20.01	0.00
19.20	37.60	32.10	29.40	27.40	5.20	1.70	20.01	0.00
19.30	37.50	32.20	29.40	27.40	4.10	1.80	20.01	0.00
19.40	37.50	32.20	29.40	27.40	4.30	2.10	20.01	0.00
19.50	37.50	32.00	29.30	27.20	4.30	1.50	20.01	0.00
19.60	37.50	32.00	29.30	27.30	4.00	1.70	20.01	0.00
19.70	37.50	32.00	29.30	27.30	4.00	1.70	20.00	0.00
19.80	37.60	32.10	29.40	27.30	4.40	1.80	20.01	0.00
19.90	37.60	32.10	29.40	27.30	4.30	1.70	20.00	0.00
20.00	37.60	32.00	29.40	27.20	3.70	2.30	20.01	0.00
20.10	37.70	32.00	29.40	27.30	4.40	1.70	20.01	0.00
20.20	37.70	32.00	29.40	27.30	4.40	1.80	20.01	0.00
20.30	37.60	31.90	29.30	27.30	4.90	1.70	20.01	0.00
20.40	37.80	32.10	29.30	27.30	4.90	3.00	20.01	0.00
20.50	37.80	32.10	29.30	27.30	5.00	1.50	20.01	0.00
20.60	37.80	32.00	29.30	27.30	4.90	1.80	20.01	0.00
20.70	37.80	32.10	29.30	27.40	4.90	1.80	20.01	0.00
20.80	37.80	32.10	29.30	27.40	5.00	1.50	20.02	0.00
20.90	37.80	32.00	29.40	27.30	4.90	1.30	27.36	0.00
21.00	37.90	32.20	29.30	27.40	5.20	1.70	29.51	0.00
21.10	37.90	32.20	29.30	27.40	5.00	2.00	29.93	0.00
21.20	37.90	32.00	29.30	27.30	5.50	1.80	30.00	0.00
21.30	37.90	32.10	29.50	27.30	5.20	1.70	30.01	0.00
21.40	37.90	32.10	29.50	27.30	5.30	1.70	30.00	0.00
21.50	38.00	32.10	29.20	27.20	5.30	1.70	30.00	0.00
21.60	38.10	32.00	29.30	27.20	5.50	1.50	30.00	0.00
21.70	38.10	32.00	29.30	27.20	5.70	1.50	30.00	0.00
21.80	38.10	32.20	29.50	27.40	5.50	1.70	30.00	0.00
21.90	38.20	32.10	29.30	27.40	5.80	1.70	30.00	0.00
22.00	38.20	32.10	29.30	27.40	5.80	1.80	30.00	0.00
22.10	38.20	32.10	29.40	27.30	5.80	1.70	30.00	0.00
22.20	38.20	32.10	29.40	27.30	6.10	2.00	30.00	0.00
22.30	38.40	32.00	29.30	27.30	6.90	1.80	30.00	0.00
22.40	38.40	31.90	29.20	27.20	6.40	1.70	30.00	0.00
22.50	38.40	31.90	29.20	27.20	6.40	1.70	30.01	0.00
22.60	38.40	32.00	29.30	27.30	6.40	1.70	30.01	0.00
22.70	38.60	32.00	29.40	27.30	6.60	0.10	30.01	0.00
22.80	38.60	32.00	29.40	27.30	6.70	1.80	30.01	0.00
22.90	38.50	32.00	29.30	27.20	7.20	2.00	29.93	0.00
23.00	38.50	31.90	29.30	27.20	6.90	1.70	30.00	0.00
23.10	38.50	31.90	29.30	27.20	7.50	1.80	29.99	0.00
23.20	38.80	32.10	29.40	27.30	7.00	1.50	30.01	0.00
23.30	38.80	32.10	29.40	27.40	7.20	1.50	30.01	0.00
23.40	38.80	32.10	29.40	27.40	7.20	1.70	30.01	0.00
23.50	38.80	32.10	29.40	27.40	7.20	1.70	30.01	0.00
23.60	38.60	32.00	29.30	27.10	7.20	1.50	30.01	0.00
23.70	38.60	32.00	29.30	27.10	7.30	2.10	30.01	0.00
23.80	38.80	32.00	29.30	27.30	7.30	1.70	30.01	0.00
23.90	38.80	31.90	29.40	27.30	7.50	1.80	30.03	0.00
24.00	38.80	31.90	29.40	27.30	7.70	1.80	37.47	0.00
24.10	38.80	32.00	29.30	27.30	7.50	1.70	39.52	0.00
24.20	38.90	32.00	29.30	27.30	8.10	1.80	39.92	0.00
24.30	38.90	32.00	29.30	27.30	8.10	1.30	40.00	0.00
24.40	39.10	32.00	29.40	27.30	8.10	1.30	40.00	0.00
24.50	39.10	31.90	29.30	27.20	8.30	1.80	40.01	0.00
24.60	39.10	31.90	29.30	27.20	8.10	2.00	40.00	0.00
24.70	38.90	32.00	29.40	27.20	8.70	2.00	40.00	0.00
24.80	39.20	32.00	29.30	27.20	8.60	1.80	40.01	0.00
24.90	39.20	32.00	29.30	27.20	8.70	1.70	40.00	0.00
25.00	39.40	32.00	29.40	27.40	8.90	1.70	40.04	0.00
25.10	39.40	32.00	29.40	27.40	8.90	1.80	39.90	0.00
25.20	39.30	31.90	29.30	27.20	9.00	1.80	40.07	0.00
25.30	39.40	32.00	29.30	27.20	9.00	1.50	40.00	0.00
25.40	39.40	32.00	29.30	27.20	9.00	1.50	39.98	0.00
25.50	39.50	31.90	29.30	27.10	9.50	1.70	40.02	0.00
25.60	39.40	31.90	29.30	27.20	9.50	1.80	39.99	0.00
25.70	39.40	31.90	29.30	27.20	9.70	1.70	40.01	0.00
25.80	39.70	32.10	29.60	27.50	9.70	1.50	40.02	0.00
25.90	39.60	31.90	29.30	27.30	10.00	1.70	40.02	0.00
26.00	39.60	31.90	29.30	27.30	9.80	1.70	40.02	0.00
26.10	39.70	32.00	29.40	27.30	10.00	2.40	40.02	0.00
26.20	39.60	32.00	29.40	27.20	10.40	2.00	40.01	0.00
26.30	39.60	32.00	29.40	27.20	10.40	2.00	40.01	0.00
26.40	39.60	32.00	29.30	27.30	11.70	1.70	40.02	0.00
26.50	39.60	32.00	29.30	27.30	10.60	1.80	40.02	0.00
26.60	39.70	32.00	29.30	27.30	10.60	1.00	40.02	0.00
26.70	39.70	32.10	29.50	27.40	11.00	1.50	40.01	0.00
26.80	39.70	32.10	29.50	27.40	10.60	1.70	40.02	0.00
26.90	39.90	32.10	29.40	27.40	12.40	1.70	40.03	0.00
27.00	39.80	31.90	29.30	27.20	11.20	1.80	47.27	0.00
27.10	39.80	31.90	29.30	27.20	11.50	1.80	49.50	0.00
27.20	40.00	32.00	29.30	27.20	11.30	1.80	49.93	0.00
27.30	39.90	32.00	29.40	27.20	11.30	1.80	50.01	0.00
27.40	39.90	32.00	29.40	27.20	12.00	1.80	50.02	0.00
27.50	40.00	32.10	29.30	27.30	12.00	1.70	50.01	0.00
27.60	40.10	32.00	29.40	27.20	12.00	1.80	50.02	0.00
27.70	40.10	32.00	29.40	27.20	12.10	1.80	50.02	0.00
27.80	40.20	32.00	29.40	27.20	12.00	2.00	50.02	0.00
27.90	40.20	32.00	29.40	27.20	12.40	2.00	50.02	0.00
28.00	40.20	32.00	29.30	27.10	12.70	1.70	50.02	0.00
28.10	40.20	32.00	29.50	27.30	12.70	1.70	50.02	0.00
28.20	40.20	32.00	29.50	27.30	12.70	1.70	50.02	0.00
28.30	40.30	32.00	29.30	27.30	13.00	1.80	50.03	0.00
28.40	40.40	32.00	29.40	27.40	13.30	1.80	50.01	0.00
28.50	40.40	32.00	29.40	27.40	13.70	1.80	50.03	0.00
28.60	40.40	32.10	29.40	27.40	12.90	2.00	50.02	0.00
28.70	40.40	32.10	29.30	27.20	13.80	1.80	50.02	0.00
28.80	40.40	32.10	29.30	27.20	13.70	2.10	50.01	0.00
28.90	40.50	32.00	29.30	27.30	14.00	1.80	50.02	0.00
29.00	40.50	32.00	29.30	27.30	14.10	1.80	50.02	0.00
29.10	40.70	32.00	29.30	27.20	14.40	1.80	50.02	0.00
29.20	40.60	32.00	29.30	27.20	14.40	1.80	50.02	0.00
29.30	40.60	32.00	29.30	27.20	14.40	1.70	50.02	0.00
29.40	40.50	32.00	29.40	27.30	14.60	1.70	50.02	0.00
29.50	40.60	32.10	29.30	27.20	14.10	1.50	50.02	0.00
29.60	40.60	32.10	29.30	27.20	14.90	1.80	50.02	0.00
29.70	40.70	32.10	29.40	27.40	15.00	1.80	50.02	0.00
29.80	40.60	31.80	29.30	27.20	14.90	1.70	50.02	0.00
29.90	40.60	31.80	29.30	27.20	15.20	1.80	50.04	0.00
30.00	40.60	32.10	29.40	27.30	15.00	1.70	50.02	0.00
30.10	40.70	32.00	29.30	27.20	15.00	1.70	50.03	0.00
30.20	40.70	32.00	29.30	27.20	15.70	1.50	50.03	0.00
30.30	40.80	31.90	29.30	27.20	15.70	1.80	50.02	0.00
30.40	40.70	32.00	29.40	27.20	15.80	1.70	50.03	0.00
30.50	40.70	32.00	29.40	27.20	16.40	1.80	50.01	0.00
30.60	40.70	32.00	29.30	27.20	16.40	2.00	50.02	0.00
30.70	40.80	32.10	29.40	27.30	16.40	1.70	50.02	0.00
30.80	40.80	32.10	29.40	27.30	16.90	1.50	50.03	0.00
30.90	40.80	31.90	29.30	27.20	16.70	1.70	50.02	0.00
31.00	40.80	32.20	29.50	27.20	16.70	1.70	50.02	0.00
31.10	40.80	32.20	29.50	27.20	17.50	1.70	50.03	0.00
31.20	40.90	32.10	29.30	27.20	17.00	1.70	50.02	0.00
31.30	40.90	32.10	29.30	27.20	17.50	1.70	50.03	0.00
31.40	40.70	32.10	29.30	27.20	17.20	2.90	50.01	0.00
31.50	40.70	32.00	29.30	27.10	17.20	2.00	50.03	0.00
31.60	40.70	32.00	29.30	27.10	17.70	1.70	50.02	0.00
31.70	40.80	32.10	29.30	27.20	17.80	1.80	50.02	0.00
31.80	40.90	32.10	29.40	27.40	17.80	1.80	50.02	0.00
31.90	40.90	32.10	29.40	27.40	18.10	1.70	50.02	0.00
32.00	40.90	32.10	29.40	27.30	18.10	1.70	50.02	0.00
32.10	40.90	32.10	29.40	27.30	18.30	1.80	50.02	0.00
32.20	40.70	31.90	29.30	27.30	18.10	2.00	50.02	0.00
32.30	40.90	32.00	29.30	27.30	18.70	0.30	50.02	0.00
32.40	40.80	32.00	29.30	27.30	18.70	1.80	50.02	0.00
32.50	40.80	32.00	29.30	27.30	18.70	1.80	50.02	0.00
32.60	40.80	31.90	29.30	27.20	19.40	1.80	50.03	0.00
32.70	40.80	32.10	29.30	27.30	19.50	1.80	50.02	0.00
32.80	40.80	32.10	29.30	27.30	19.40	1.50	50.02	0.00
32.90	40.90	32.10	29.40	27.20	19.40	1.50	50.02	0.00
33.00	40.90	32.10	29.40	27.20	19.70	1.30	50.03	0.00
33.10	41.00	32.20	29.40	27.40	20.10	0.70	50.02	0.00
33.20	41.00	32.00	29.20	27.20	20.00	1.70	50.01	0.00
33.30	41.00	32.00	29.20	27.20	19.80	1.70	50.03	0.00
33.40	41.00	32.10	29.50	27.30	20.10	2.10	50.03	0.00
33.50	41.00	32.00	29.30	27.20	20.30	1.80	50.02	0.00
33.60	41.00	32.00	29.30	27.20	21.00	1.50	50.02	0.00
33.70	40.80	32.00	29.20	27.00	20.90	1.70	50.03	0.00
33.80	40.80	32.00	29.30	27.10	20.60	1.50	50.03	0.00
33.90	40.80	32.00	29.30	27.10	21.00	2.00	50.03	0.00
34.00	40.90	32.00	29.40	27.20	21.20	1.80	50.03	0.00
34.10	41.00	32.00	29.40	27.30	21.20	1.70	50.03	0.00
34.20	41.00	32.00	29.40	27.30	21.20	1.70	50.03	0.00
34.30	40.90	31.90	29.30	27.30	21.20	1.70	50.02	0.00
34.40	41.00	32.10	29.40	27.30	21.80	1.80	50.02	0.00
34.50	41.00	32.10	29.40	27.30	21.70	1.70	50.03	0.00
34.60	41.10	32.10	29.40	27.30	21.80	1.30	50.02	0.00
34.70	41.10	32.10	29.40	27.30	21.70	2.10	50.03	0.00
34.80	41.00	32.10	29.40	27.30	21.70	2.10	50.03	0.00
34.90	40.80	32.00	29.30	27.30	22.30	1.30	50.02	0.00
35.00	40.80	32.00	29.30	27.30	22.40	1.70	50.04	0.00
35.10	41.00	32.00	29.40	27.30	22.60	2.00	50.03	0.00
35.20	40.90	32.00	29.30	27.10	22.60	2.10	50.02	0.00
35.30	40.90	32.00	29.30	27.10	23.00	1.70	50.03	0.00
35.40	41.00	32.10	29.30	27.20	23.00	1.50	50.03	0.00
35.50	41.00	32.00	29.20	27.00	23.00	1.00	50.02	0.00
35.60	41.00	32.00	29.20	27.00	23.00	1.80	50.02	0.00
35.70	40.90	32.10	29.40	27.30	23.00	1.80	50.03	0.00
35.80	40.90	32.10	29.50	27.30	23.50	1.80	50.04	0.00
35.90	40.90	32.10	29.50	27.30	23.50	2.00	50.03	0.00
36.00	41.00	32.00	29.30	27.20	23.80	1.50	50.03	0.00
36.10	41.00	31.90	29.40	27.40	24.10	2.00	50.03	0.00
36.20	41.00	31.90	29.40	27.40	24.10	2.00	50.03	0.00
36.30	41.00	32.00	29.30	27.20	24.40	2.10	50.03	0.00
36.40	40.80	32.00	29.20	27.30	24.10	1.80	50.03	0.00
36.50	40.80	32.00	29.20	27.30	24.10	1.70	50.03	0.00
36.60	40.80	32.00	29.20	27.20	24.60	1.30	50.03	0.00
36.70	41.00	31.90	29.30	27.20	24.60	1.30	50.03	0.00
36.80	41.00	31.90	29.30	27.20	25.00	2.00	50.04	0.00
36.90	41.00	32.20	29.40	27.40	25.40	1.70	50.04	0.00
37.00	41.00	32.20	29.40	27.40	25.00	1.70	50.03	0.00
37.10	40.90	31.90	29.20	27.10	25.40	2.00	50.03	0.00
37.20	41.20	32.00	29.30	27.30	25.50	1.80	50.03	0.00
37.30	41.20	32.00	29.30	27.30	25.80	1.70	50.04	0.00
37.40	41.00	32.10	29.30	27.20	26.00	1.80	50.03	0.00
37.50	41.10	32.00	29.40	27.30	25.40	1.80	50.03	0.00
37.60	41.10	32.00	29.40	27.30	26.00	1.70	50.04	0.00
37.70	41.10	32.00	29.30	27.30	26.00	1.70	50.03	0.00
37.80	41.00	32.00	29.30	27.20	26.30	1.70	50.03	0.00
37.90	41.00	32.00	29.30	27.20	26.30	1.50	50.04	0.00
38.00	41.00	32.20	29.50	27.40	26.70	1.70	50.03	0.00
38.10	41.00	32.10	29.40	27.30	26.90	1.70	50.03	0.00
38.20	41.00	32.10	29.40	27.30	26.70	1.80	50.03	0.00
38.30	41.20	32.10	29.40	27.30	27.40	1.80	50.03	0.00
38.40	41.10	32.10	29.40	27.30	27.20	1.80	50.04	0.00
38.50	41.10	32.10	29.40	27.30	27.50	2.00	50.03	0.00
38.60	41.10	32.00	29.30	27.40	27.50	2.00	50.03	0.00
38.70	41.10	32.00	29.30	27.40	28.00	1.80	50.03	0.00
38.80	41.10	32.10	29.50	27.40	27.70	1.80	50.03	0.00
38.90	41.20	32.10	29.30	27.30	28.30	1.80	50.03	0.00
39.00	41.20	32.10	29.30	27.30	27.70	1.80	50.04	0.00
39.10	41.10	32.10	29.40	27.30	28.10	2.10	50.04	0.00
39.20	41.10	31.90	29.30	27.20	28.00	1.80	50.03	0.00
39.30	41.10	31.90	29.30	27.20	28.70	1.80	50.03	0.00
39.40	41.00	32.00	29.40	27.30	28.40	1.80	50.04	0.00
39.50	41.20	32.10	29.40	27.30	28.70	1.70	50.02	0.00
39.60	41.20	32.10	29.40	27.30	28.70	1.70	50.03	0.00
39.70	41.30	32.10	29.40	27.40	28.90	1.70	50.03	0.00
39.80	41.30	32.10	29.40	27.40	29.00	2.00	50.03	0.00
39.90	41.10	32.10	29.40	27.30	28.90	1.80	50.04	0.00
40.00	41.20	32.10	29.30	27.30	29.50	1.80	50.03	0.00
40.10	41.20	32.10	29.40	27.30	29.70	2.00	50.03	0.00
40.20	41.20	32.10	29.40	27.30	29.70	1.70	50.04	0.00
40.30	41.10	32.10	29.40	27.30	30.00	1.50	50.03	0.00
40.40	41.10	32.10	29.40	27.30	30.10	2.10	50.03	0.00
40.50	41.20	32.10	29.30	27.20	30.10	2.10	50.03	0.00
40.60	41.00	32.10	29.40	27.30	30.40	1.80	50.03	0.00
40.70	41.00	32.10	29.40	27.30	30.40	1.80	50.04	0.00
40.80	41.10	32.00	29.20	27.20	30.40	1.80	50.03	0.00
40.90	41.30	32.20	29.40	27.40	30.40	1.30	50.02	0.00
41.00	41.30	32.20	29.40	27.40	30.70	1.70	50.02	0.00
41.10	41.10	32.00	29.20	27.20	30.70	2.10	50.03	0.00
41.20	41.00	32.00	29.30	27.20	30.90	1.70	50.04	0.00
41.30	41.00	32.00	29.30	27.20	32.00	1.80	50.02	0.00
41.40	41.10	32.10	29.40	27.40	32.00	1.80	50.02	0.00
41.50	41.10	32.10	29.40	27.30	31.70	1.70	50.03	0.00
41.60	41.10	32.10	29.40	27.30	31.50	1.70	50.03	0.00
41.70	41.00	32.00	29.50	27.20	31.80	1.70	50.03	0.00
41.80	41.10	32.00	29.40	27.40	31.80	1.80	50.04	0.00
41.90	41.10	32.00	29.40	27.40	31.70	1.70	50.03	0.00
42.00	41.10	32.10	29.30	27.30	32.40	2.00	50.03	0.00
42.10	41.00	32.00	29.30	27.20	32.40	2.10	50.03	0.00
42.20	41.00	32.00	29.30	27.20	32.70	1.50	50.03	0.00
42.30	41.00	32.00	29.30	27.30	32.70	1.50	50.04	0.00
42.40	40.90	32.00	29.20	27.20	32.90	1.80	50.03	0.00
42.50	40.90	32.00	29.20	27.20	33.10	1.70	50.04	0.00
42.60	41.10	32.10	29.40	27.30	32.90	1.50	50.04	0.00
42.70	41.10	32.10	29.30	27.30	33.20	2.00	50.04	0.00
42.80	41.10	32.10	29.30	27.30	33.40	2.10	50.04	0.00
42.90	41.10	32.10	29.30	27.30	33.50	2.00	50.03	0.00
43.00	41.20	32.20	29.50	27.30	33.70	1.80	50.05	0.00
43.10	41.20	32.20	29.50	27.30	33.50	1.50	50.04	0.00
43.20	41.00	32.10	29.30	27.20	33.70	1.70	50.04	0.00
43.30	41.10	32.10	29.40	27.40	33.70	1.70	50.04	0.00
43.40	41.10	32.10	29.40	27.40	34.30	1.70	50.03	0.00
43.50	40.90	31.90	29.20	27.10	34.30	1.70	50.03	0.00
43.60	40.90	32.10	29.40	27.30	34.60	1.50	50.03	0.00
43.70	40.90	32.10	29.40	27.30	34.40	2.00	50.03	0.00
43.80	41.00	32.10	29.40	27.20	34.90	2.00	50.04	0.00
43.90	40.90	32.00	29.30	27.20	34.90	2.00	50.03	0.00
44.00	40.90	32.00	29.30	27.20	35.10	1.70	50.03	0.00
44.10	41.00	32.10	29.30	27.30	35.10	1.80	50.03	0.00
44.20	41.00	32.00	29.30	27.10	35.10	1.80	50.03	0.00
44.30	41.00	32.00	29.30	27.10	35.40	1.80	50.03	0.00
44.40	41.00	32.00	29.40	27.20	35.80	1.80	50.03	0.00
44.50	40.90	32.00	29.30	27.20	35.70	1.70	50.03	0.00
44.60	40.90	32.00	29.30	27.20	35.80	1.70	50.03	0.00
44.70	40.90	32.10	29.30	27.30	36.10	1.70	50.03	0.00
44.80	41.10	32.10	29.30	27.40	35.80	2.00	50.04	0.00
44.90	41.10	32.10	29.30	27.40	36.10	1.50	50.03	0.00
45.00	41.10	32.00	29.30	27.10	36.10	1.70	50.03	0.00
45.10	41.00	32.00	29.30	27.30	36.10	1.70	50.03	0.00
45.20	41.00	32.00	29.30	27.30	36.90	1.70	50.03	0.00
45.30	41.00	32.10	29.30	27.30	36.90	2.00	50.03	0.00
45.40	41.00	32.00	29.40	27.40	36.90	1.70	50.04	0.00
45.50	41.00	32.00	29.40	27.40	37.20	1.70	50.03	0.00
45.60	41.10	32.10	29.40	27.30	37.20	1.30	50.03	0.00
45.70	41.10	32.10	29.40	27.30	37.20	1.70	50.03	0.00
45.80	40.90	31.90	29.30	27.20	37.50	1.80	50.04	0.00
45.90	41.10	32.10	29.50	27.30	37.70	1.50	50.03	0.00
46.00	41.10	32.10	29.50	27.30	37.40	1.50	50.03	0.00
46.10	40.90	32.10	29.50	27.40	37.40	1.50	50.03	0.00
46.20	40.90	32.10	29.50	27.40	38.30	2.00	50.03	0.00
46.30	40.90	32.10	29.30	27.30	38.30	1.70	50.04	0.00
46.40	41.00	32.00	29.40	27.30	38.40	2.00	50.03	0.00
46.50	41.00	32.00	29.40	27.30	38.40	2.00	50.03	0.00
46.60	41.00	32.10	29.40	27.40	38.40	1.80	50.03	0.00
46.70	41.00	32.00	29.30	27.10	38.60	1.80	50.03	0.00
46.80	41.00	32.00	29.30	27.10	38.90	1.80	50.03	0.00
46.90	41.00	32.00	29.40	27.30	39.10	1.30	50.03	0.00
47.00	41.00	32.00	29.30	27.20	39.10	1.30	50.04	0.00
47.10	41.00	32.00	29.30	27.20	39.20	1.70	50.03	0.00
47.20	41.10	32.00	29.40	27.30	39.40	2.00	50.03	0.00
47.30	41.10	32.00	29.40	27.30	39.70	0.00	50.03	0.00
47.40	41.00	32.00	29.40	27.20	40.10	1.80	50.04	0.00
47.50	40.90	32.00	29.30	27.20	39.70	2.00	50.04	0.00
47.60	40.90	32.00	29.30	27.20	40.00	1.70	50.03	0.00
47.70	40.90	32.30	29.50	27.40	40.30	1.70	50.03	0.00
47.80	41.00	32.10	29.40	27.40	40.10	1.80	50.03	0.00
47.90	41.00	32.10	29.40	27.40	40.30	1.80	50.04	0.00
48.00	41.00	32.10	29.30	27.20	40.30	1.80	50.64	0.00
48.10	41.00	32.10	29.30	27.20	40.40	1.80	51.38	0.00
48.20	40.90	32.00	29.30	27.20	40.30	1.30	51.43	0.00
48.30	40.80	32.10	29.40	27.30	40.40	1.80	51.24	0.00
48.40	40.80	32.10	29.40	27.30	41.40	1.80	51.05	0.00
48.50	40.60	32.00	29.40	27.30	40.00	1.70	49.53	0.00
48.60	40.50	32.10	29.40	27.20	40.00	1.50	45.92	0.00
48.70	40.50	32.10	29.40	27.20	39.80	1.50	29.13	0.00
48.80	40.40	32.10	29.40	27.30	40.30	1.70	18.13	0.00
48.90	40.10	32.00	29.30	27.30	40.30	1.70	13.15	0.00
49.00	40.10	32.00	29.30	27.30	40.40	1.70	10.04	0.00
49.10	40.10	32.00	29.40	27.30	40.10	2.00	7.95	0.00
49.20	40.10	32.00	29.40	27.30	40.00	1.80	6.37	0.00
49.30	39.90	32.00	29.30	27.30	40.10	1.70	5.18	0.00
49.40	39.70	32.10	29.30	27.30	40.00	1.50	4.31	0.00
49.50	39.70	32.10	29.30	27.30	40.00	1.50	2.10	0.00
49.60	39.70	32.20	29.50	27.40	39.80	1.50	1.32	0.00
49.70	39.60	32.20	29.50	27.40	40.00	2.00	1.01	0.00
49.80	39.60	32.20	29.50	27.40	39.70	1.70	0.82	0.00
49.90	39.30	32.00	29.40	27.30	39.70	1.70	0.67	0.00
50.00	39.30	32.00	29.40	27.30	40.00	1.50	0.53	0.00
50.10	39.40	32.10	29.40	27.30	40.00	1.50	0.46	0.00
50.20	39.40	32.10	29.40	27.30	40.00	2.10	0.40	0.00
50.30	39.20	32.00	29.30	27.30	40.00	1.80	0.32	0.00
50.40	39.10	32.10	29.40	27.40	39.80	1.50	0.25	0.00
50.50	39.10	32.10	29.40	27.40	40.00	2.00	0.19	0.00
50.60	39.00	31.90	29.20	27.10	39.70	1.80	0.15	0.00
50.70	38.90	32.10	29.30	27.20	39.80	1.50	0.10	0.00
50.80	38.90	32.10	29.30	27.20	40.00	2.00	0.07	0.00
50.90	38.90	32.00	29.40	27.20	40.00	2.00	0.04	0.00
51.00	38.90	32.10	29.50	27.30	39.70	2.00	0.02	0.00
51.10	38.90	32.10	29.50	27.30	39.50	1.70	0.00	0.00
51.20	38.90	32.10	29.40	27.30	39.80	1.80	-0.02	0.00
51.30	38.80	32.10	29.40	27.40	39.70	1.50	-0.04	0.00
51.40	38.80	32.10	29.40	27.40	39.50	1.80	-0.06	0.00
51.50	38.70	32.00	29.40	27.40	40.10	1.80	-0.07	0.00
51.60	38.70	32.00	29.40	27.40	40.10	0.70	-0.08	0.00
51.70	38.60	32.00	29.40	27.40	39.80	1.80	-0.09	0.00
51.80	38.60	32.10	29.50	27.30	39.80	1.80	-0.10	0.00
51.90	38.60	32.10	29.50	27.30	40.00	1.70	-0.11	0.00
52.00	38.40	32.00	29.40	27.30	39.70	1.70	-0.12	0.00
52.10	38.50	31.90	29.30	27.20	40.70	1.70	-0.13	0.00
52.20	38.50	31.90	29.30	27.20	39.80	1.70	-0.14	0.00
52.30	38.50	32.00	29.40	27.30	39.80	2.00	-0.15	0.00
52.40	38.30	31.90	29.40	27.30	39.80	2.00	-0.15	0.00
52.50	38.30	31.90	29.40	27.30	40.00	1.50	-0.16	0.00
52.60	38.30	32.10	29.40	27.30	40.00	2.00	-0.30	0.00
52.70	38.30	32.10	29.40	27.30	39.80	1.80	-0.34	0.00
52.80	38.30	32.00	29.40	27.20	39.80	1.80	-0.35	0.00
52.90	38.20	32.00	29.40	27.30	40.90	1.50	-0.35	0.00
53.00	38.20	32.00	29.40	27.30	40.00	1.80	-0.35	0.00
53.10	38.10	31.90	29.30	27.20	40.00	1.70	-0.35	0.00
53.20	38.20	31.90	29.30	27.10	39.50	1.80	-0.35	0.00
53.30	38.20	31.90	29.30	27.10	39.70	1.70	-0.35	0.00
53.40	38.30	32.10	29.40	27.40	39.80	2.00	-0.35	0.00
53.50	38.10	32.00	29.40	27.20	39.80	2.00	-0.35	0.00
53.60	38.10	32.00	29.40	27.20	39.50	1.80	-0.36	0.00
53.70	38.10	32.00	29.30	27.30	40.70	1.70	-0.08	0.00
53.80	38.10	32.00	29.30	27.30	40.70	1.70	-0.02	0.00
53.90	38.10	32.00	29.50	27.30	39.70	1.70	0.00	0.00
54.00	37.90	31.80	29.30	27.20	39.70	1.80	0.00	0.00
54.10	37.90	31.80	29.30	27.20	40.00	1.70	0.00	0.00
54.20	37.90	32.00	29.30	27.30	39.70	2.10	0.00	0.00
54.30	38.10	32.10	29.40	27.30	39.70	1.70	0.00	0.00
54.40	38.10	32.10	29.40	27.30	39.70	1.30	0.00	0.00
54.50	38.10	32.10	29.50	27.40	39.70	1.80	0.00	0.00
54.60	38.00	32.00	29.40	27.20	39.80	1.50	0.00	0.00
54.70	38.00	32.00	29.40	27.20	39.80	1.50	0.00	0.00
54.80	37.90	31.80	29.40	27.30	39.70	1.50	0.00	0.00
54.90	37.90	32.00	29.30	27.30	39.80	1.70	0.00	0.00
55.00	37.90	32.00	29.30	27.30	40.00	1.50	0.00	0.00
55.10	38.00	32.00	29.50	27.30	39.80	1.70	0.00	0.00
55.20	37.80	31.90	29.30	27.30	39.50	1.70	0.00	0.00
55.30	37.80	31.90	29.30	27.30	40.00	1.80	0.00	0.00
55.40	38.00	31.90	29.40	27.40	39.80	1.80	0.00	0.00
55.50	37.80	32.00	29.40	27.20	39.50	1.70	0.00	0.00
55.60	37.80	32.00	29.40	27.20	39.50	1.70	0.00	0.00
55.70	37.90	32.10	29.50	27.40	39.70	1.70	0.01	0.00
55.80	37.80	31.90	29.30	27.30	39.80	2.00	0.01	0.00
55.90	37.80	31.90	29.30	27.30	39.70	3.00	0.01	0.00
56.00	37.80	31.90	29.30	27.30	39.70	2.00	0.01	0.00
56.10	37.80	31.90	29.40	27.20	39.80	1.50	0.01	0.00
56.20	37.80	31.90	29.40	27.20	39.80	1.70	0.01	0.00
56.30	37.80	31.90	29.20	27.30	39.80	1.70	0.01	0.00
56.40	37.90	32.00	29.40	27.30	39.80	2.00	0.01	0.00
56.50	37.90	32.00	29.40	27.30	40.00	1.80	0.01	0.00
56.60	37.80	32.00	29.40	27.20	40.00	1.80	0.01	0.00
56.70	37.80	32.00	29.40	27.30	40.00	2.10	0.01	0.00
56.80	37.80	32.00	29.40	27.30	39.70	1.80	0.01	0.00
56.90	37.80	32.00	29.40	27.30	39.80	1.70	0.00	0.00
57.00	37.80	31.90	29.40	27.30	39.80	1.30	0.01	0.00
57.10	37.80	31.90	29.40	27.30	40.10	1.80	0.01	0.00
57.20	37.70	31.90	29.30	27.20	39.80	1.70	0.01	0.00
57.30	37.70	31.90	29.40	27.30	39.50	1.20	0.01	0.00
57.40	37.70	31.90	29.40	27.30	39.80	2.00	0.01	0.00
57.50	37.70	32.00	29.40	27.30	39.80	2.00	0.01	0.00
57.60	37.70	32.00	29.40	27.30	39.50	1.70	0.01	0.00
57.70	37.60	32.00	29.40	27.30	39.50	1.70	0.02	0.00
57.80	37.80	32.00	29.40	27.30	39.70	1.20	0.01	0.00
57.90	37.80	32.00	29.40	27.30	39.80	1.80	0.01	0.00
58.00	37.70	32.00	29.40	27.20	39.80	1.70	0.01	0.00
58.10	37.70	32.00	29.40	27.30	39.70	1.80	0.01	0.00
58.20	37.70	32.00	29.40	27.30	39.70	1.80	0.01	0.00
58.30	37.70	32.00	29.50	27.30	39.50	1.70	0.01	0.00
58.40	37.60	32.00	29.40	27.30	39.80	1.80	0.02	0.00
58.50	37.60	32.00	29.40	27.30	39.80	1.30	0.02	0.00
58.60	37.60	32.00	29.40	27.40	39.70	1.50	0.02	0.00
58.70	37.50	32.00	29.50	27.30	39.80	2.00	0.02	0.00
58.80	37.50	32.00	29.50	27.30	39.70	1.70	0.01	0.00
58.90	37.60	32.00	29.40	27.30	39.80	1.80	0.01	0.00
59.00	37.60	32.00	29.40	27.40	39.80	1.70	0.01	0.00
59.10	37.60	32.00	29.40	27.40	39.70	1.50	0.01	0.00
59.20	37.60	32.10	29.40	27.40	39.80	1.70	0.01	0.00
59.30	37.60	32.10	29.40	27.40	39.80	1.70	0.02	0.00
59.40	37.40	31.80	29.30	27.30	39.80	1.70	0.02	0.00
59.50	37.50	31.90	29.30	27.30	40.00	1.70	0.02	0.00
59.60	37.50	31.90	29.30	27.30	39.50	1.80	0.02	0.00
59.70	37.50	32.00	29.40	27.40	39.40	1.70	0.02	0.00
59.80	37.40	31.90	29.40	27.20	40.10	1.70	0.01	0.00
59.90	37.40	31.90	29.40	27.20	40.00	2.00	0.01	0.00
60.00	37.60	32.00	29.40	27.30	39.70	1.80	0.01	0.00
60.10	37.40	32.00	29.50	27.30	39.50	1.50	0.01	0.00
60.20	37.40	32.00	29.50	27.30	39.70	1.70	0.01	0.00
60.30	37.60	32.00	29.50	27.40	39.50	1.70	0.02	0.00
60.40	37.40	32.00	29.40	27.40	39.70	1.70	0.02	0.00
60.50	37.40	32.00	29.40	27.40	39.70	1.70	0.02	0.00
60.60	37.40	32.00	29.50	27.40	39.50	1.50	0.02	0.00
60.70	37.50	32.00	29.40	27.30	39.80	2.00	0.02	0.00
60.80	37.50	32.00	29.40	27.30	39.50	1.30	0.02	0.00
60.90	37.50	31.90	29.30	27.30	40.00	1.70	0.01	0.00
61.00	37.50	32.00	29.50	27.40	39.80	1.70	0.01	0.00
61.10	37.50	32.00	29.50	27.40	39.50	1.70	0.01	0.00
61.20	37.40	31.90	29.30	27.20	39.50	1.70	0.01	0.00
61.30	37.30	31.90	29.30	27.30	39.50	1.70	0.01	0.00
61.40	37.30	31.90	29.30	27.30	38.30	1.70	0.02	0.00
61.50	37.50	32.20	29.50	27.50	39.80	1.80	0.02	0.00
61.60	37.40	32.10	29.40	27.20	39.70	2.00	0.02	0.00
61.70	37.40	32.10	29.40	27.20	39.70	2.00	0.02	0.00
61.80	37.40	31.90	29.40	27.30	40.00	1.80	0.02	0.00
61.90	37.40	31.90	29.40	27.30	39.80	1.80	0.01	0.00
62.00	37.40	31.90	29.40	27.20	39.70	1.70	0.01	0.00
62.10	37.40	31.90	29.40	27.30	39.70	1.70	0.01	0.00
62.20	37.40	31.90	29.40	27.30	39.50	1.70	0.01	0.00
62.30	37.20	31.90	29.40	27.20	39.50	2.00	0.02	0.00
62.40	37.40	31.90	29.30	27.30	39.80	1.50	0.02	0.00
62.50	37.40	31.90	29.30	27.30	39.50	1.50	0.02	0.00
62.60	37.40	31.90	29.30	27.30	39.70	1.70	0.02	0.00
62.70	37.40	32.10	29.60	27.30	39.80	1.50	0.02	0.00
62.80	37.40	32.10	29.60	27.30	40.00	1.50	0.02	0.00
62.90	37.40	32.10	29.40	27.40	39.70	1.80	0.02	0.00
63.00	37.40	31.90	29.50	27.40	39.70	1.80	0.01	0.00
63.10	37.40	31.90	29.50	27.40	39.70	1.70	0.01	0.00
63.20	37.40	32.00	29.40	27.30	39.40	2.00	0.01	0.00
63.30	37.40	32.00	29.40	27.30	39.50	1.50	0.02	0.00
63.40	37.20	32.00	29.30	27.20	39.40	1.80	0.02	0.00
63.50	37.40	31.90	29.50	27.40	39.80	1.30	0.02	0.00
63.60	37.40	31.90	29.50	27.40	39.70	2.00	0.02	0.00
63.70	37.40	32.10	29.50	27.40	39.50	2.00	0.02	0.00
63.80	37.30	32.00	29.50	27.40	39.70	1.80	0.02	0.00
63.90	37.30	32.00	29.50	27.40	39.40	2.00	0.01	0.00
64.00	37.30	32.10	29.40	27.30	39.40	2.00	0.01	0.00
64.10	37.10	32.00	29.40	27.30	39.70	1.30	0.01	0.00
64.20	37.10	32.00	29.40	27.30	39.40	1.70	0.01	0.00
64.30	37.10	32.10	29.50	27.40	39.80	2.00	0.01	0.00
64.40	37.30	31.90	29.40	27.40	39.80	1.80	0.01	0.00
64.50	37.30	31.90	29.40	27.40	39.50	1.50	0.02	0.00
64.60	37.20	32.00	29.40	27.30	39.50	1.50	0.02	0.00
64.70	37.20	32.00	29.30	27.10	39.50	1.50	0.02	0.00
64.80	37.20	32.00	29.30	27.10	40.00	2.00	0.02	0.00
64.90	37.20	31.90	29.40	27.20	40.00	2.00	0.02	0.00
65.00	37.10	31.90	29.40	27.30	39.70	1.80	0.01	0.00
65.10	37.10	31.90	29.40	27.30	39.70	1.70	0.01	0.00
65.20	37.30	32.10	29.50	27.30	39.50	1.80	0.01	0.00
65.30	37.10	31.90	29.40	27.20	39.80	2.00	0.01	0.00
65.40	37.10	31.90	29.40	27.20	39.70	1.80	0.01	0.00
65.50	37.10	31.90	29.40	27.30	39.70	1.70	0.02	0.00
65.60	37.10	32.00	29.40	27.30	40.00	1.70	0.02	0.00
65.70	37.10	32.00	29.40	27.30	39.50	1.80	0.02	0.00
65.80	36.90	31.80	29.20	27.20	39.50	1.80	0.02	0.00
65.90	37.10	32.00	29.50	27.30	39.70	1.70	0.02	0.00
66.00	37.10	32.00	29.50	27.30	39.50	1.50	0.01	0.00
66.10	37.10	31.90	29.40	27.20	39.80	1.80	0.01	0.00
66.20	37.10	31.90	29.40	27.20	39.50	1.70	0.01	0.00
66.30	37.10	31.90	29.40	27.20	39.40	1.50	0.01	0.00
66.40	37.20	32.00	29.50	27.40	39.70	2.00	0.01	0.00
66.50	37.20	32.00	29.50	27.40	39.70	1.70	0.01	0.00
66.60	37.00	32.00	29.40	27.30	39.50	1.70	0.01	0.00
66.70	37.10	31.90	29.40	27.20	39.50	1.70	0.02	0.00
66.80	37.10	31.90	29.40	27.20	39.50	1.70	0.02	0.00
66.90	37.00	32.00	29.40	27.30	39.70	2.00	0.02	0.00
67.00	37.10	32.10	29.40	27.40	39.70	1.50	0.01	0.00
67.10	37.10	32.10	29.40	27.40	39.50	1.50	0.01	0.00
67.20	37.00	32.00	29.40	27.30	39.50	1.50	0.01	0.00
67.30	37.00	32.00	29.40	27.30	39.70	2.00	0.01	0.00
67.40	37.00	31.90	29.30	27.20	39.40	1.80	0.01	0.00
67.50	37.00	32.00	29.40	27.30	39.70	1.50	0.01	0.00
67.60	37.00	32.00	29.40	27.30	39.70	1.70	0.02	0.00
67.70	37.10	32.00	29.40	27.40	39.70	1.70	0.02	0.00
67.80	37.00	32.00	29.40	27.20	39.70	1.50	0.02	0.00
67.90	37.00	32.00	29.40	27.20	39.50	1.70	0.02	0.00
68.00	37.10	32.00	29.40	27.40	39.70	2.10	0.01	0.00
68.10	37.00	32.10	29.50	27.30	39.50	2.00	0.01	0.00
68.20	37.00	32.10	29.50	27.30	39.70	1.70	0.01	0.00
68.30	37.20	32.10	29.50	27.30	39.80	2.00	0.01	0.00
68.40	37.10	32.00	29.40	27.20	39.40	1.80	0.01	0.00
68.50	37.10	32.00	29.40	27.20	39.70	1.50	0.01	0.00
68.60	37.00	31.90	29.40	27.30	39.70	1.80	0.01	0.00
68.70	36.90	32.00	29.40	27.30	39.70	1.80	0.01	0.00
68.80	36.90	32.00	29.40	27.30	39.80	1.80	0.01	0.00
68.90	36.90	32.00	29.50	27.30	39.40	1.80	0.02	0.00
69.00	36.90	32.10	29.40	27.30	39.70	1.80	0.02	0.00
69.10	36.90	32.10	29.40	27.30	39.70	1.70	0.01	0.00
69.20	37.10	32.00	29.50	27.30	39.80	1.80	0.01	0.00
69.30	37.10	32.00	29.40	27.40	39.70	1.80	0.01	0.00
69.40	37.10	32.00	29.40	27.40	39.70	2.40	0.01	0.00
69.50	37.10	32.10	29.50	27.40	39.40	1.50	0.01	0.00
69.60	37.10	32.10	29.50	27.40	39.40	1.50	0.01	0.00
69.70	37.00	32.00	29.50	27.30	39.50	1.50	0.01	0.00
69.80	37.00	32.00	29.40	27.40	39.50	1.50	0.01	0.00
69.90	37.00	32.00	29.40	27.40	39.20	1.70	0.01	0.00
70.00	36.90	31.90	29.30	27.20	39.50	1.70	0.01	0.00
70.10	37.00	32.00	29.30	27.20	39.50	1.80	0.01	0.00
70.20	37.00	32.00	29.30	27.20	39.70	2.10	0.01	0.00
70.30	36.90	32.00	29.40	27.30	39.80	1.80	0.01	0.00
70.40	37.00	32.00	29.40	27.30	39.50	2.00	0.01	0.00
70.50	37.00	32.00	29.40	27.30	39.50	1.70	0.01	0.00
70.60	36.90	32.00	29.40	27.30	39.50	1.70	0.01	0.00
70.70	36.90	32.00	29.40	27.30	39.80	2.10	0.01	0.00
70.80	36.90	32.00	29.40	27.30	39.80	1.70	0.01	0.00
70.90	36.80	32.10	29.40	27.20	39.80	1.70	0.01	0.00
71.00	36.80	32.10	29.40	27.20	39.70	1.80	0.01	0.00
71.10	36.80	32.00	29.40	27.30	39.70	1.70	0.01	0.00
71.20	36.90	31.90	29.40	27.30	39.70	1.80	0.01	0.00
71.30	36.90	31.90	29.40	27.30	39.70	1.80	0.01	0.00
71.40	36.80	32.00	29.40	27.20	39.50	1.80	0.01	0.00
71.50	36.80	31.90	29.50	27.30	39.50	1.80	0.01	0.00
71.60	36.80	31.90	29.50	27.30	39.70	1.50	0.01	0.00
71.70	36.90	31.90	29.40	27.30	39.70	1.70	0.01	0.00
71.80	36.90	31.90	29.40	27.30	38.10	1.80	0.02	0.00
71.90	36.80	32.00	29.40	27.20	39.80	2.00	0.02	0.00
72.00	36.90	32.10	29.40	27.30	40.00	1.80	0.02	0.00
72.10	36.90	32.10	29.40	27.30	40.10	1.70	0.01	0.00
72.20	36.80	32.00	29.30	27.30	39.70	1.80	0.01	0.00
72.30	36.80	32.00	29.30	27.30	39.20	1.80	0.00	0.00
72.40	36.90	32.00	29.40	27.40	40.00	2.70	0.01	0.00
72.50	36.80	32.00	29.50	27.30	40.00	2.70	0.01	0.00
72.60	36.80	32.00	29.50	27.30	39.80	1.80	0.01	0.00
72.70	36.70	31.90	29.40	27.30	39.70	1.80	0.01	0.00
72.80	36.80	31.90	29.40	27.30	39.40	1.50	0.01	0.00
72.90	36.80	31.90	29.40	27.30	39.20	1.70	0.01	0.00
73.00	36.70	32.00	29.40	27.30	40.10	1.80	0.01	0.00
73.10	36.80	32.00	29.40	27.20	39.70	1.80	0.01	0.00
73.20	36.80	32.00	29.40	27.20	39.80	1.70	0.01	0.00
73.30	36.80	32.00	29.50	27.30	39.50	2.00	0.00	0.00
73.40	36.80	32.00	29.50	27.30	39.50	2.00	0.01	0.00
73.50	36.70	32.00	29.40	27.20	39.50	1.20	0.01	0.00
73.60	36.60	32.10	29.40	27.30	39.70	1.50	0.01	0.00
73.70	36.60	32.10	29.40	27.30	39.50	1.70	0.01	0.00
73.80	36.80	32.00	29.40	27.30	39.50	1.70	0.01	0.00
73.90	36.70	32.00	29.40	27.20	39.40	1.70	0.01	0.00
74.00	36.70	32.00	29.40	27.20	39.80	2.00	0.01	0.00
74.10	36.70	32.00	29.40	27.30	39.80	1.70	0.01	0.00
74.20	36.70	31.90	29.30	27.20	39.20	1.50	0.00	0.00
74.30	36.70	31.90	29.30	27.20	39.20	1.50	0.00	0.00
74.40	36.70	31.90	29.40	27.30	39.50	1.70	0.00	0.00
74.50	36.70	31.90	29.40	27.30	38.00	1.70	0.00	0.00
74.60	36.80	32.10	29.40	27.40	39.80	1.80	0.00	0.00
74.70	36.60	32.00	29.30	27.10	39.50	1.50	0.01	0.00
74.80	36.60	32.00	29.30	27.10	39.50	1.80	0.01	0.00
74.90	36.70	32.00	29.30	27.40	39.50	2.10	0.01	0.00
75.00	36.70	32.00	29.30	27.40	39.50	1.70	0.01	0.00
75.10	36.60	32.00	29.40	27.30	39.50	1.80	0.01	0.00
75.20	36.70	32.00	29.40	27.30	39.50	1.80	0.01	0.00
75.30	36.70	32.00	29.40	27.30	39.50	1.80	0.00	0.00
75.40	36.60	32.00	29.40	27.30	39.70	1.70	0.00	0.00
75.50	36.60	32.00	29.30	27.40	39.70	1.70	0.00	0.00
75.60	36.60	32.00	29.30	27.40	39.50	1.80	0.01	0.00
75.70	36.60	31.90	29.30	27.20	40.10	1.70	0.01	0.00
75.80	36.60	32.00	29.30	27.30	39.50	1.70	0.01	0.00
75.90	36.60	32.00	29.30	27.30	39.50	1.80	0.01	0.00
76.00	36.70	32.00	29.40	27.30	39.70	2.60	0.01	0.00
76.10	36.70	32.00	29.40	27.30	39.80	1.70	0.01	0.00
76.20	36.70	32.00	29.40	27.30	39.80	1.80	0.01	0.00
76.30	36.70	32.00	29.40	27.30	39.80	1.80	0.01	0.00
76.40	36.70	32.00	29.50	27.30	39.80	1.80	0.01	0.00
76.50	36.70	32.00	29.50	27.30	39.70	1.80	0.01	0.00
76.60	36.70	32.00	29.40	27.30	39.40	1.70	0.01	0.00
76.70	36.70	32.10	29.50	27.40	39.80	1.50	0.01	0.00
76.80	36.70	32.10	29.50	27.40	39.50	1.80	0.01	0.00
76.90	36.80	32.10	29.50	27.40	39.50	1.70	0.01	0.00
77.00	36.60	32.00	29.40	27.20	39.70	1.70	0.01	0.00
77.10	36.60	32.00	29.40	27.20	39.70	1.70	0.01	0.00
77.20	36.50	31.80	29.30	27.10	39.40	1.80	0.01	0.00
77.30	36.50	31.80	29.30	27.10	39.50	1.70	0.00	0.00
77.40	36.60	32.10	29.50	27.30	39.50	2.00	0.00	0.00
77.50	36.50	32.00	29.40	27.40	39.70	1.30	0.00	0.00
77.60	36.50	32.00	29.40	27.40	39.40	1.80	0.01	0.00
77.70	36.70	32.20	29.50	27.50	39.70	1.80	0.01	0.00
77.80	36.60	32.00	29.40	27.30	39.40	1.80	0.01	0.00
77.90	36.60	32.00	29.40	27.30	39.50	1.80	0.01	0.00
78.00	36.60	32.00	29.40	27.30	39.70	1.50	0.01	0.00
78.10	36.60	32.00	29.40	27.30	39.50	1.50	0.01	0.00
78.20	36.50	32.10	29.40	27.30	39.50	1.50	0.01	0.00
78.30	36.70	32.00	29.50	27.30	39.50	2.00	0.00	0.00
78.40	36.70	32.00	29.50	27.30	39.70	1.50	0.00	0.00
78.50	36.60	32.00	29.50	27.40	39.40	2.00	0.00	0.00
78.60	36.60	32.00	29.40	27.30	39.50	1.80	0.00	0.00
78.70	36.60	32.00	29.40	27.30	40.00	1.80	0.01	0.00
78.80	36.60	32.10	29.50	27.40	39.70	1.80	0.01	0.00
78.90	36.60	32.10	29.50	27.40	39.40	1.80	0.01	0.00
79.00	36.50	32.00	29.40	27.20	40.00	1.70	0.01	0.00
79.10	36.50	32.00	29.20	27.40	40.00	1.70	0.01	0.00
79.20	36.50	32.00	29.20	27.40	39.70	1.70	0.01	0.00
79.30	36.60	32.00	29.50	27.40	39.50	1.70	0.00	0.00
79.40	36.50	32.00	29.30	27.20	39.50	1.50	0.00	0.00
79.50	36.50	32.00	29.30	27.20	39.70	1.80	0.00	0.00
79.60	36.40	31.90	29.50	27.30	39.70	1.80	0.00	0.00
79.70	36.60	32.00	29.40	27.30	39.70	1.70	0.00	0.00
79.80	36.60	32.00	29.40	27.30	39.80	1.80	0.00	0.00
79.90	36.70	32.10	29.50	27.40	39.80	2.00	0.00	0.00
80.00	36.50	32.00	29.40	27.40	39.50	1.80	0.00	0.00
80.10	36.50	32.00	29.40	27.40	39.50	1.80	0.00	0.00
80.20	36.60	32.00	29.30	27.30	39.20	2.00	0.00	0.00
80.30	36.60	32.00	29.30	27.30	39.50	2.40	0.00	0.00
80.40	36.60	32.10	29.50	27.50	39.50	1.70	0.00	0.00
80.50	36.60	32.10	29.50	27.50	39.40	1.80	0.00	0.00
80.60	36.60	32.10	29.40	27.40	39.80	1.80	0.00	0.00
80.70	36.50	31.90	29.50	27.40	39.50	1.50	0.00	0.00
80.80	36.50	31.90	29.50	27.40	39.70	3.00	0.00	0.00
80.90	36.50	32.00	29.40	27.40	39.50	1.30	0.00	0.00
81.00	36.40	32.00	29.30	27.20	39.50	2.60	0.00	0.00
81.10	36.40	32.00	29.30	27.20	39.50	2.60	0.00	0.00
81.20	36.50	32.00	29.40	27.30	39.20	1.70	0.00	0.00
81.30	36.50	32.00	29.40	27.30	39.50	1.80	0.01	0.00
81.40	36.50	31.90	29.40	27.30	39.70	1.80	0.00	0.00
81.50	36.50	32.10	29.50	27.40	40.10	1.50	0.00	0.00
81.60	36.50	32.10	29.50	27.40	39.70	2.00	0.00	0.00
81.70	36.40	32.10	29.40	27.30	39.40	1.80	0.00	0.00
81.80	36.40	32.10	29.30	27.30	39.50	1.80	0.00	0.00
81.90	36.40	32.10	29.30	27.30	39.50	1.70	0.00	0.00
82.00	36.50	32.10	29.50	27.30	39.50	1.70	0.00	0.00
82.10	36.40	31.90	29.30	27.10	39.50	1.80	0.00	0.00
82.20	36.40	31.90	29.30	27.10	39.80	1.70	0.00	0.00
82.30	36.50	32.00	29.40	27.30	39.70	2.00	0.00	0.00
82.40	36.40	32.00	29.30	27.40	39.50	1.70	0.00	0.00
82.50	36.40	32.00	29.30	27.40	39.50	1.70	0.00	0.00
82.60	36.40	32.00	29.50	27.40	39.50	1.80	0.00	0.00
82.70	36.30	31.80	29.40	27.20	39.50	2.00	0.00	0.00
82.80	36.30	31.80	29.40	27.20	39.40	1.80	0.00	0.00
82.90	36.50	32.00	29.40	27.20	39.70	1.80	0.00	0.00
83.00	36.50	32.00	29.40	27.20	39.70	1.80	0.00	0.00
83.10	36.50	32.00	29.40	27.20	39.40	1.80	0.01	0.00
83.20	36.40	31.90	29.30	27.30	39.50	1.00	0.00	0.00
83.30	36.40	31.80	29.40	27.30	39.50	2.00	0.00	0.00
83.40	36.40	31.80	29.40	27.30	39.50	1.70	0.00	0.00
83.50	36.50	32.10	29.50	27.30	39.40	1.70	0.00	0.00
83.60	36.60	32.10	29.50	27.20	39.70	2.00	0.00	0.00
83.70	36.60	32.10	29.50	27.20	39.50	1.80	0.00	0.00
83.80	36.40	31.90	29.30	27.30	39.50	1.50	0.00	0.00
83.90	36.40	32.00	29.40	27.30	39.70	2.00	0.00	0.00
84.00	36.40	32.00	29.40	27.30	39.70	2.00	0.00	0.00
84.10	36.30	31.90	29.40	27.30	39.80	-0.20	0.00	0.00
84.20	36.30	31.90	29.40	27.30	39.70	1.70	0.00	0.00
84.30	36.20	31.90	29.30	27.10	39.70	1.80	0.00	0.00
84.40	36.40	31.90	29.40	27.20	39.70	1.70	0.00	0.00
84.50	36.40	31.90	29.40	27.20	39.50	1.70	0.00	0.00
84.60	36.40	32.00	29.50	27.30	39.50	1.80	0.00	0.00
84.70	36.40	31.90	29.40	27.30	38.10	1.80	0.00	0.00
84.80	36.40	31.90	29.40	27.30	39.50	1.80	0.00	0.00
84.90	36.50	32.10	29.50	27.40	39.50	1.80	0.00	0.00
85.00	36.50	32.00	29.40	27.40	39.50	1.80	0.00	0.00
85.10	36.50	32.00	29.40	27.40	39.70	2.10	0.00	0.00
85.20	36.30	32.00	29.50	27.30	39.20	2.00	0.00	0.00
85.30	36.30	32.00	29.50	27.30	39.40	1.80	0.00	0.00
85.40	36.40	32.00	29.40	27.30	39.70	1.70	0.00	0.00
85.50	36.40	32.00	29.40	27.30	39.50	1.80	0.00	0.00
85.60	36.40	32.00	29.40	27.30	39.40	1.50	0.00	0.00
85.70	36.40	32.00	29.40	27.30	39.80	1.80	0.00	0.00
85.80	36.40	31.90	29.50	27.20	39.50	1.70	0.00	0.00
85.90	36.40	31.90	29.50	27.20	39.50	1.70	0.00	0.00
86.00	36.30	31.90	29.40	27.20	39.70	2.00	0.00	0.00
86.10	36.30	31.90	29.40	27.20	39.70	1.80	0.00	0.00
86.20	36.30	32.00	29.40	27.30	39.80	1.70	0.00	0.00
86.30	36.40	31.90	29.40	27.30	40.00	0.90	0.00	0.00
86.40	36.40	31.90	29.40	27.30	39.70	1.70	0.00	0.00
86.50	36.30	31.90	29.50	27.20	39.80	2.00	0.00	0.00
86.60	36.30	32.00	29.40	27.30	39.50	2.00	0.00	0.00
86.70	36.30	32.00	29.40	27.30	39.70	1.70	0.00	0.00
86.80	36.20	31.80	29.30	27.20	39.70	1.70	0.00	0.00
86.90	36.30	31.90	29.40	27.20	39.50	1.70	0.00	0.00
87.00	36.30	31.90	29.40	27.20	39.70	1.70	0.00	0.00
87.10	36.40	32.10	29.50	27.40	39.50	2.00	0.00	0.00
87.20	36.30	32.00	29.40	27.20	39.70	2.10	0.00	0.00
87.30	36.30	32.00	29.40	27.20	39.70	1.50	0.00	0.00
87.40	36.30	31.80	29.40	27.20	39.70	2.30	0.00	0.00
87.50	36.30	31.90	29.50	27.30	39.40	1.50	0.00	0.00
87.60	36.30	31.90	29.50	27.30	39.80	1.80	0.00	0.00
87.70	36.20	31.90	29.40	27.30	39.70	1.50	0.00	0.00
87.80	36.20	31.90	29.40	27.30	39.50	2.10	0.00	0.00
87.90	36.40	32.00	29.50	27.30	39.70	2.00	0.00	0.00
88.00	36.30	32.00	29.40	27.40	39.40	1.50	0.00	0.00
88.10	36.30	32.00	29.40	27.40	39.70	1.80	0.00	0.00
88.20	36.30	32.00	29.50	27.30	39.50	1.50	0.00	0.00
88.30	36.20	31.80	29.20	27.20	39.40	1.80	0.00	0.00
88.40	36.20	31.80	29.20	27.20	39.40	2.00	0.00	0.00
88.50	36.20	31.90	29.20	27.20	39.70	2.10	0.00	0.00
88.60	36.20	31.90	29.40	27.40	39.70	1.70	0.00	0.00
88.70	36.20	31.90	29.40	27.40	39.70	1.70	0.00	0.00
88.80	36.30	31.90	29.50	27.20	39.50	2.00	0.00	0.00
88.90	36.30	31.90	29.50	27.20	39.50	1.80	0.00	0.00
89.00	36.20	32.00	29.30	27.20	39.50	1.80	0.00	0.00
89.10	36.20	31.80	29.40	27.30	39.50	1.80	0.00	0.00
89.20	36.20	31.80	29.40	27.30	39.70	1.50	0.00	0.00
89.30	36.30	32.10	29.50	27.40	39.50	2.30	0.00	0.00
89.40	36.30	31.90	29.40	27.20	39.50	1.80	0.00	0.00
89.50	36.30	31.90	29.40	27.20	39.50	2.00	0.00	0.00
89.60	36.30	32.00	29.50	27.40	39.50	1.80	0.00	0.00
89.70	36.30	32.00	29.50	27.40	39.50	1.70	0.00	0.00
89.80	36.20	31.90	29.40	27.20	39.50	1.50	0.00	0.00
89.90	36.10	31.90	29.40	27.30	39.50	2.10	0.00	0.00
90.00	36.10	31.90	29.40	27.30	39.50	2.00	0.00	0.00
90.10	36.30	32.10	29.50	27.40	39.70	1.50	0.00	0.00
90.20	36.30	32.10	29.50	27.40	39.50	1.70	0.00	0.00
90.30	36.20	31.90	29.40	27.30	39.80	2.40	0.00	0.00
90.40	36.30	32.10	29.50	27.30	39.50	1.70	0.00	0.00
90.50	36.30	32.10	29.50	27.30	39.40	2.00	0.00	0.00
90.60	36.30	31.90	29.40	27.30	39.40	2.00	0.00	0.00
90.70	36.10	31.90	29.30	27.10	39.40	1.70	0.00	0.00
90.80	36.10	31.90	29.30	27.10	39.80	2.00	0.00	0.00
90.90	36.30	31.80	29.40	27.20	39.40	2.00	0.00	0.00
91.00	36.20	31.90	29.40	27.30	39.50	1.70	0.00	0.00
91.10	36.20	31.90	29.40	27.30	39.50	1.70	0.00	0.00
91.20	36.30	32.00	29.50	27.40	39.50	1.70	0.00	0.00
91.30	36.10	31.90	29.40	27.20	39.70	1.80	0.00	0.00
91.40	36.10	31.90	29.40	27.20	39.80	1.80	0.00	0.00
91.50	36.20	32.00	29.50	27.40	39.80	1.80	0.00	0.00
91.60	36.30	32.00	29.50	27.30	39.70	1.80	0.00	0.00
91.70	36.30	32.00	29.50	27.30	39.70	2.00	0.00	0.00
91.80	36.10	31.90	29.50	27.30	39.50	1.70	0.00	0.00
91.90	36.30	32.00	29.50	27.40	39.50	1.80	0.00	0.00
92.00	36.30	32.00	29.50	27.40	39.40	1.70	0.00	0.00
92.10	36.20	31.90	29.50	27.30	39.70	1.50	0.00	0.00
92.20	36.20	31.80	29.40	27.20	39.40	2.00	0.00	0.00
92.30	36.20	31.80	29.40	27.20	39.40	1.80	0.00	0.00
92.40	36.20	31.90	29.50	27.30	39.70	1.50	0.00	0.00
92.50	36.20	31.90	29.50	27.30	39.70	1.50	0.00	0.00
92.60	36.20	31.80	29.30	27.10	39.70	1.80	0.00	0.00
92.70	36.30	32.00	29.50	27.20	39.50	2.00	0.00	0.00
92.80	36.30	32.00	29.50	27.20	39.80	2.00	0.00	0.00
92.90	36.30	31.90	29.40	27.20	39.80	1.70	0.00	0.00
93.00	36.20	31.90	29.40	27.20	39.80	1.70	0.00	0.00
93.10	36.20	31.90	29.40	27.20	39.50	1.30	0.00	0.00
93.20	36.00	31.80	29.40	27.20	39.70	1.80	0.00	0.00
93.30	36.00	31.80	29.30	27.20	39.50	1.70	0.00	0.00
93.40	36.00	31.80	29.30	27.20	39.50	1.70	0.00	0.00
93.50	36.20	31.90	29.50	27.30	39.40	2.00	0.00	0.00
93.60	36.10	31.90	29.30	27.10	39.40	1.80	0.00	0.00
93.70	36.10	31.90	29.30	27.10	39.70	0.70	0.00	0.00
93.80	36.10	31.90	29.50	27.10	39.70	2.00	0.00	0.00
93.90	36.20	32.00	29.40	27.20	39.80	1.80	0.00	0.00
94.00	36.20	32.00	29.40	27.20	39.50	1.80	0.00	0.00
94.10	36.20	31.90	29.30	27.20	39.50	1.80	0.00	0.00
94.20	36.20	31.90	29.30	27.20	39.70	1.80	0.00	0.00
94.30	36.10	31.80	29.40	27.20	39.70	1.80	0.00	0.00
94.40	36.10	32.00	29.60	27.30	39.10	1.70	0.00	0.00
94.50	36.10	32.00	29.60	27.30	39.50	1.70	0.00	0.00
94.60	36.10	31.90	29.40	27.20	40.00	1.80	0.00	0.00
94.70	36.10	31.90	29.40	27.20	39.50	1.30	0.00	0.00
94.80	36.10	31.90	29.40	27.20	39.50	1.80	0.00	0.00
94.90	36.20	32.00	29.40	27.20	39.70	1.70	0.00	0.00
95.00	36.30	32.00	29.40	27.30	40.10	1.80	0.00	0.00
95.10	36.30	32.00	29.40	27.30	39.50	1.80	0.00	0.00
95.20	36.10	31.90	29.40	27.20	39.50	2.10	0.00	0.00
95.30	36.10	31.90	29.40	27.30	39.50	2.10	0.00	0.00
95.40	36.10	31.90	29.40	27.30	39.50	1.80	0.00	0.00
95.50	36.10	32.00	29.50	27.30	39.50	1.50	0.00	0.00
95.60	36.10	31.90	29.50	27.20	40.00	1.70	0.00	0.00
95.70	36.10	31.90	29.50	27.20	39.50	1.50	0.00	0.00
95.80	36.00	31.80	29.30	27.10	39.10	2.00	0.00	0.00
95.90	36.10	31.90	29.40	27.10	40.00	1.70	0.00	0.00
96.00	36.10	31.90	29.40	27.10	40.70	1.80	0.00	0.00
96.10	36.10	31.90	29.40	27.20	39.70	2.00	0.00	0.00
96.20	36.10	31.90	29.40	27.20	39.70	2.00	0.00	0.00
96.30	36.20	32.00	29.60	27.30	39.40	1.70	0.00	0.00
96.40	36.20	32.00	29.60	27.20	39.80	2.00	0.00	0.00
96.50	36.20	32.00	29.60	27.20	39.50	1.70	0.00	0.00
96.60	36.10	31.90	29.50	27.30	39.70	1.80	0.00	0.00
96.70	36.20	32.10	29.50	27.30	39.40	2.60	0.00	0.00
96.80	36.20	32.10	29.50	27.30	39.50	1.80	0.00	0.00
96.90	36.00	31.80	29.40	27.20	39.50	1.80	0.00	0.00
97.00	36.00	32.00	29.50	27.10	39.70	2.00	0.00	0.00
97.10	36.00	32.00	29.50	27.10	39.40	2.10	0.00	0.00
97.20	36.10	31.90	29.40	27.20	39.50	2.10	0.00	0.00
97.30	36.00	31.90	29.40	27.10	39.70	2.00	0.00	0.00
97.40	36.00	31.90	29.40	27.10	39.80	2.00	0.00	0.00
97.50	36.00	31.90	29.30	27.10	39.50	1.70	0.00	0.00
97.60	36.00	31.90	29.30	27.10	39.20	1.80	0.00	0.00
97.70	35.90	31.90	29.40	27.20	39.50	1.80	0.00	0.00
97.80	36.10	32.00	29.40	27.20	39.50	1.70	0.00	0.00
97.90	36.10	32.00	29.40	27.20	39.50	1.70	0.00	0.00
98.00	36.00	32.00	29.50	27.30	39.50	1.80	0.00	0.00
98.10	36.10	32.10	29.40	27.20	39.50	1.80	0.00	0.00
98.20	36.10	32.10	29.40	27.20	39.70	1.80	0.00	0.00
98.30	36.10	32.00	29.50	27.20	39.50	1.80	0.00	0.00
98.40	36.10	32.00	29.50	27.20	39.50	1.70	0.00	0.00
98.50	36.10	32.00	29.50	27.20	39.70	1.70	0.00	0.00
98.60	36.10	32.10	29.50	27.30	38.90	1.70	0.00	0.00
98.70	36.10	32.10	29.50	27.30	39.50	2.10	0.00	0.00
98.80	36.10	32.00	29.50	27.10	39.40	2.00	0.00	0.00
98.90	36.00	32.00	29.50	27.20	39.50	1.50	0.00	0.00
99.00	36.00	32.00	29.50	27.20	39.50	2.10	0.00	0.00
99.10	36.10	32.00	29.40	27.20	39.50	2.10	0.00	0.00
99.20	36.10	31.90	29.40	27.10	39.70	1.70	0.00	0.00
99.30	36.10	31.90	29.40	27.10	39.80	1.80	0.00	0.00
99.40	36.00	32.00	29.50	27.10	39.40	1.70	0.00	0.00
99.50	36.10	32.00	29.50	27.30	39.40	1.70	0.00	0.00
99.60	36.10	32.00	29.50	27.30	39.50	1.20	0.00	0.00
99.70	35.90	31.80	29.30	27.10	39.50	1.50	0.00	0.00
99.80	35.90	31.80	29.30	27.10	39.70	1.70	0.00	0.00
99.90	36.00	32.00	29.50	27.20	39.50	1.70	0.00	0.00
100.00	35.90	32.00	29.40	27.10	39.50	1.70	0.00	0.00
100.10	35.90	32.00	29.40	27.10	39.70	2.10	0.00	0.00
100.20	36.00	32.00	29.40	27.20	39.50	2.00	0.00	0.00
100.30	36.00	32.00	29.40	27.20	39.50	1.80	0.00	0.00
100.40	36.00	32.00	29.40	27.20	39.50	1.80	0.00	0.00
100.50	35.90	32.00	29.40	27.20	39.20	2.00	0.00	0.00
100.60	35.90	31.90	29.50	27.20	40.00	1.80	0.00	0.00
100.70	35.90	31.90	29.50	27.20	39.70	1.30	0.00	0.00
100.80	35.90	32.00	29.50	27.20	39.40	1.80	0.00	0.00
100.90	35.90	32.00	29.50	27.20	39.40	1.80	0.00	0.00
101.00	36.10	32.00	29.60	27.30	39.70	2.10	0.00	0.00
101.10	36.00	31.90	29.40	27.10	39.80	1.70	0.00	0.00
101.20	36.00	31.90	29.40	27.10	39.70	1.70	0.00	0.00
101.30	35.80	31.80	29.40	27.00	39.50	1.80	0.00	0.00
101.40	36.00	32.00	29.40	27.20	39.50	2.30	0.00	0.00
101.50	36.00	32.00	29.40	27.20	39.70	1.70	0.00	0.00
101.60	36.00	32.00	29.30	27.10	39.80	2.00	0.00	0.00
101.70	36.00	32.00	29.50	27.30	39.50	1.70	0.00	0.00
101.80	36.00	32.00	29.50	27.30	39.70	1.70	0.00	0.00
101.90	35.90	31.90	29.40	27.30	39.70	1.70	0.00	0.00
102.00	35.90	31.90	29.40	27.30	39.50	2.00	0.00	0.00
102.10	35.90	32.00	29.40	27.20	39.50	1.50	0.00	0.00
102.20	35.90	32.00	29.40	27.20	39.70	2.00	0.00	0.00
102.30	35.90	32.00	29.40	27.20	39.50	1.70	0.00	0.00
102.40	35.90	31.90	29.50	27.20	39.50	1.50	0.00	0.00
102.50	35.90	31.90	29.50	27.20	39.70	1.70	0.00	0.00
102.60	35.90	31.90	29.50	27.30	39.40	2.00	0.00	0.00
102.70	36.00	32.10	29.60	27.30	39.50	1.50	0.00	0.00
102.80	36.00	32.10	29.60	27.30	39.50	1.50	0.00	0.00
102.90	36.00	32.00	29.40	27.40	39.50	1.50	0.00	0.00
103.00	35.90	32.00	29.40	27.30	39.50	1.50	0.00	0.00
103.10	35.90	32.00	29.40	27.30	39.50	1.80	0.00	0.00
103.20	36.00	32.00	29.50	27.40	39.70	1.80	0.00	0.00
103.30	36.00	32.00	29.50	27.30	39.50	1.80	0.00	0.00
103.40	36.00	32.00	29.50	27.30	39.50	1.50	0.00	0.00
103.50	36.10	32.00	29.50	27.30	39.50	1.80	0.00	0.00
103.60	36.10	32.00	29.50	27.30	39.50	1.70	0.00	0.00
103.70	35.90	32.00	29.50	27.20	39.50	1.70	0.00	0.00
103.80	35.90	32.10	29.50	27.30	39.50	1.70	0.00	0.00
103.90	35.90	32.10	29.50	27.30	39.20	1.70	0.00	0.00
104.00	35.80	31.90	29.40	27.20	39.70	1.50	0.00	0.00
104.10	35.80	31.90	29.40	27.20	39.50	2.00	0.00	0.00
104.20	35.90	31.90	29.40	27.20	39.50	2.00	0.00	0.00
104.30	36.00	32.10	29.50	27.50	39.50	1.80	0.00	0.00
104.40	36.00	32.10	29.50	27.50	39.40	1.80	0.00	0.00
104.50	35.90	32.00	29.40	27.20	39.50	1.80	0.00	0.00
104.60	36.00	32.10	29.50	27.30	39.50	1.80	0.00	0.00
104.70	36.00	32.10	29.50	27.30	39.50	1.30	0.00	0.00
104.80	35.90	32.00	29.50	27.20	39.50	1.30	0.00	0.00
104.90	36.00	32.00	29.40	27.30	39.40	1.80	0.00	0.00
105.00	36.00	32.00	29.40	27.30	39.70	1.70	0.00	0.00
105.10	35.90	31.90	29.50	27.30	39.50	1.80	0.00	0.00
105.20	35.90	31.90	29.40	27.30	40.00	1.50	0.00	0.00
105.30	35.90	31.90	29.40	27.30	39.50	2.10	0.00	0.00
105.40	35.90	32.00	29.40	27.20	39.50	2.10	0.00	0.00
105.50	35.90	32.10	29.60	27.30	39.80	1.70	0.00	0.00
105.60	35.90	32.10	29.60	27.30	39.50	1.70	0.00	0.00
105.70	35.80	31.90	29.50	27.20	39.50	1.70	0.00	0.00
105.80	36.00	32.00	29.60	27.40	39.50	1.70	0.00	0.00
105.90	36.00	32.00	29.60	27.40	39.80	1.80	0.00	0.00
106.00	35.90	31.90	29.40	27.30	39.50	1.70	0.00	0.00
106.10	36.00	31.90	29.50	27.30	38.10	2.00	0.00	0.00
106.20	36.00	31.90	29.50	27.30	39.70	1.70	0.00	0.00
106.30	36.00	31.90	29.40	27.40	39.50	1.70	0.00	0.00
106.40	35.80	31.90	29.40	27.30	39.50	1.70	0.00	0.00
106.50	35.80	31.90	29.40	27.30	39.50	1.70	0.00	0.00
106.60	35.80	31.90	29.40	27.20	39.50	1.70	0.00	0.00
106.70	36.00	31.90	29.50	27.30	39.50	1.70	0.00	0.00
106.80	36.00	31.90	29.50	27.30	39.20	1.80	0.00	0.00
106.90	36.00	31.90	29.50	27.20	39.70	1.80	0.00	0.00
107.00	35.80	32.00	29.40	27.20	39.70	1.80	0.00	0.00
107.10	35.80	32.00	29.40	27.20	39.50	2.00	0.00	0.00
107.20	35.80	32.00	29.50	27.20	39.50	1.80	0.00	0.00
107.30	35.80	32.00	29.50	27.30	39.50	2.10	0.00	0.00
107.40	35.80	32.00	29.50	27.30	39.40	1.80	0.00	0.00
107.50	35.90	32.00	29.40	27.20	39.50	2.00	0.00	0.00
107.60	35.90	32.00	29.40	27.20	39.50	2.00	0.00	0.00
107.70	35.80	31.90	29.30	27.20	39.40	2.00	0.00	0.00
107.80	35.90	32.00	29.40	27.30	39.20	1.70	-0.01	0.00
107.90	35.90	32.00	29.40	27.30	39.50	1.30	0.00	0.00
108.00	35.90	31.90	29.50	27.30	39.40	1.80	0.00	0.00
108.10	35.90	31.90	29.50	27.20	39.50	1.70	0.00	0.00
108.20	35.90	31.90	29.50	27.20	39.10	1.70	0.00	0.00
108.30	35.90	32.00	29.50	27.40	39.20	2.10	0.00	0.00
108.40	35.90	32.10	29.60	27.40	39.80	1.70	0.00	0.00
108.50	35.90	32.10	29.60	27.40	39.80	1.70	0.00	0.00
108.60	36.00	32.00	29.50	27.40	39.70	2.30	0.00	0.00
108.70	35.80	31.90	29.50	27.20	39.70	2.10	0.00	0.00
108.80	35.80	31.90	29.50	27.20	39.50	1.80	0.00	0.00
108.90	35.90	31.90	29.40	27.10	39.50	2.00	0.00	0.00
109.00	35.80	31.90	29.50	27.30	39.70	1.70	0.00	0.00
109.10	35.80	31.90	29.50	27.30	39.40	1.80	0.00	0.00
109.20	35.80	31.90	29.50	27.20	40.40	1.50	0.00	0.00
109.30	35.80	31.90	29.40	27.20	39.40	1.70	0.00	0.00
109.40	35.80	31.90	29.40	27.20	39.40	1.70	0.00	0.00
109.50	35.90	31.90	29.40	27.30	38.10	1.50	0.00	0.00
109.60	35.80	31.90	29.50	27.30	39.40	1.50	0.00	0.00
109.70	35.80	31.90	29.50	27.30	39.70	2.00	0.00	0.00
109.80	35.90	31.80	29.40	27.20	39.50	1.80	0.00	0.00
109.90	35.80	32.10	29.60	27.40	39.50	1.70	0.00	0.00
110.00	35.80	32.10	29.60	27.40	39.40	1.50	0.00	0.00
110.10	35.80	32.00	29.50	27.30	39.50	1.80	0.00	0.00
110.20	35.80	32.00	29.50	27.30	39.70	1.30	0.00	0.00
110.30	35.90	31.90	29.40	27.30	39.70	1.30	0.00	0.00
110.40	35.80	31.90	29.40	27.30	39.50	1.80	0.00	0.00
110.50	35.80	31.90	29.40	27.30	40.60	1.50	0.00	0.00
110.60	35.80	31.90	29.40	27.30	39.40	1.70	0.00	0.00
110.70	35.90	31.90	29.50	27.30	40.30	1.70	0.00	0.00
110.80	35.90	31.90	29.50	27.30	39.50	2.00	0.00	0.00
110.90	35.80	32.00	29.50	27.20	39.40	1.70	0.00	0.00
111.00	35.80	32.00	29.50	27.20	39.20	2.00	0.00	0.00
111.10	35.80	31.90	29.40	27.30	39.20	2.90	0.00	0.00
111.20	35.80	31.90	29.40	27.20	39.80	1.80	0.00	0.00
111.30	35.80	31.90	29.40	27.20	39.80	1.80	0.00	0.00
111.40	35.80	31.90	29.50	27.20	39.50	2.00	0.00	0.00
111.50	35.70	31.90	29.40	27.20	39.70	1.50	0.00	0.00
111.60	35.70	31.90	29.40	27.20	39.20	2.30	0.00	0.00
111.70	35.70	31.90	29.40	27.30	39.10	1.80	0.00	0.00
111.80	35.80	31.80	29.50	27.30	39.50	1.70	0.00	0.00
111.90	35.70	31.80	29.40	27.30	39.50	1.70	0.00	0.00
112.00	35.70	31.80	29.40	27.30	39.70	2.00	0.00	0.00
112.10	35.70	31.80	29.40	27.20	39.70	1.30	0.00	0.00
112.20	35.80	31.90	29.40	27.20	39.70	1.30	0.00	0.00
112.30	35.80	31.90	29.40	27.20	39.80	1.80	0.00	0.00
112.40	35.80	32.00	29.50	27.30	39.50	1.70	0.00	0.00
112.50	35.80	32.00	29.50	27.30	39.50	2.00	0.00	0.00
112.60	35.80	31.90	29.40	27.30	39.20	1.50	0.00	0.00
112.70	35.90	31.90	29.50	27.30	39.50	1.80	0.00	0.00
112.80	35.90	31.90	29.50	27.30	39.20	2.00	0.00	0.00
112.90	35.80	31.80	29.40	27.30	39.40	1.70	0.00	0.00
113.00	35.70	31.90	29.50	27.30	39.50	1.50	0.00	0.00
113.10	35.70	31.90	29.50	27.30	39.50	1.50	0.00	0.00
113.20	35.70	31.90	29.40	27.10	39.50	1.70	0.00	0.00
113.30	35.80	31.90	29.40	27.20	39.70	1.70	0.00	0.00
113.40	35.80	31.90	29.40	27.20	39.40	1.70	0.00	0.00
113.50	35.60	31.90	29.50	27.20	39.50	2.00	0.00	0.00
113.60	35.60	31.80	29.30	27.10	39.70	1.80	0.00	0.00
113.70	35.60	31.80	29.30	27.10	39.40	1.80	0.00	0.00
113.80	35.80	32.00	29.50	27.30	39.40	2.00	0.00	0.00
113.90	35.70	31.90	29.50	27.10	39.50	2.00	0.00	0.00
114.00	35.70	31.90	29.50	27.10	39.50	2.00	0.00	0.00
114.10	35.80	31.90	29.40	27.20	39.70	1.30	0.00	0.00
114.20	35.60	31.90	29.50	27.30	39.20	2.10	0.00	0.00
114.30	35.60	31.90	29.50	27.30	39.20	1.80	0.00	0.00
114.40	35.70	31.90	29.40	27.20	39.40	1.70	0.00	0.00
114.50	35.80	32.00	29.50	27.20	39.70	1.70	0.00	0.00
114.60	35.80	32.00	29.50	27.20	39.20	1.80	0.00	0.00
114.70	35.70	32.00	29.50	27.10	39.50	1.50	0.00	0.00
114.80	35.90	32.10	29.50	27.20	39.50	2.00	0.00	0.00
114.90	35.90	32.10	29.50	27.20	39.40	1.70	0.00	0.00
115.00	35.60	31.90	29.40	27.20	39.40	1.80	0.00	0.00
115.10	35.80	31.90	29.60	27.30	39.70	2.00	0.00	0.00
115.20	35.80	31.90	29.60	27.30	39.70	1.70	0.00	0.00
115.30	35.70	32.00	29.50	27.30	39.50	1.80	0.00	0.00
115.40	35.70	32.00	29.50	27.30	39.50	1.80	0.00	0.00
115.50	35.70	31.90	29.60	27.20	39.50	1.80	0.00	0.00
115.60	35.60	31.90	29.40	27.20	39.70	1.70	0.00	0.00
115.70	35.60	31.90	29.40	27.20	39.50	2.00	0.00	0.00
115.80	35.70	32.00	29.60	27.40	39.50	3.00	0.00	0.00
115.90	35.70	31.90	29.40	27.30	39.50	3.00	0.00	0.00
116.00	35.70	31.90	29.40	27.30	39.50	1.70	0.00	0.00
116.10	35.70	32.00	29.50	27.30	39.70	1.80	0.00	0.00
116.20	35.80	32.00	29.60	27.40	40.60	1.70	0.00	0.00
116.30	35.80	32.00	29.60	27.40	39.70	2.00	0.00	0.00
116.40	35.60	31.90	29.50	27.20	39.50	1.30	0.00	0.00
116.50	35.60	31.90	29.50	27.20	39.70	2.00	0.00	0.00
116.60	35.80	32.00	29.50	27.40	39.50	1.70	0.00	0.00
116.70	35.70	32.00	29.50	27.20	39.50	1.50	0.00	0.00
116.80	35.70	32.00	29.50	27.20	39.50	1.50	0.00	0.00
116.90	35.60	32.00	29.60	27.30	39.10	1.80	0.00	0.00
117.00	35.60	32.00	29.40	27.40	39.80	1.50	0.00	0.00
117.10	35.60	32.00	29.40	27.40	39.70	1.70	0.00	0.00
117.20	35.70	32.00	29.50	27.30	39.70	1.70	0.00	0.00
117.30	35.60	31.80	29.50	27.20	39.40	1.80	0.00	0.00
117.40	35.60	31.80	29.50	27.20	39.70	1.70	0.00	0.00
117.50	35.60	31.90	29.40	27.20	39.50	1.70	0.00	0.00
117.60	35.60	31.90	29.40	27.20	39.40	2.10	0.00	0.00
117.70	35.60	31.90	29.50	27.30	39.50	1.80	0.00	0.00
117.80	35.60	31.80	29.40	27.20	39.50	1.80	0.00	0.00
117.90	35.60	31.80	29.40	27.20	39.40	1.70	0.00	0.00
118.00	35.60	32.00	29.40	27.30	37.80	1.80	0.00	0.00
118.10	35.50	31.80	29.40	27.20	39.50	2.00	0.00	0.00
118.20	35.50	31.80	29.40	27.20	39.40	1.80	0.00	0.00
118.30	35.70	32.00	29.40	27.30	39.40	1.70	0.00	0.00
118.40	35.60	32.10	29.50	27.30	39.50	1.80	0.00	0.00
118.50	35.60	32.10	29.50	27.30	39.50	1.50	0.00	0.00
118.60	35.70	32.00	29.60	27.30	39.40	2.00	0.00	0.00
118.70	35.70	31.90	29.40	27.30	39.50	1.70	0.00	0.00
118.80	35.70	31.90	29.40	27.30	39.50	1.70	0.00	0.00
118.90	35.60	31.90	29.40	27.20	39.70	2.30	0.00	0.00
119.00	35.60	31.90	29.40	27.30	39.50	1.50	0.00	0.00
119.10	35.60	31.90	29.40	27.30	39.40	1.80	0.00	0.00
119.20	35.50	31.90	29.50	27.20	39.40	1.70	0.00	0.00
119.30	35.50	31.90	29.50	27.20	39.50	1.80	0.00	0.00
119.40	35.70	32.00	29.50	27.30	39.50	2.00	0.00	0.00
119.50	35.80	32.10	29.60	27.30	39.50	2.00	0.00	0.00
119.60	35.80	32.10	29.60	27.30	39.70	1.80	0.00	0.00
119.70	35.50	31.80	29.40	27.10	39.70	1.80	0.00	0.00
119.80	35.70	31.90	29.40	27.30	39.40	1.50	0.00	0.00
119.90	35.70	31.90	29.40	27.30	39.50	1.80	0.00	0.00
120.00	35.80	31.90	29.40	27.30	39.70	1.70	0.00	0.00
120.10	35.60	32.00	29.50	27.20	40.00	1.80	0.00	0.00
120.20	35.60	32.00	29.50	27.20	39.50	1.80	0.00	0.00
120.30	35.50	31.90	29.40	27.20	39.70	2.00	0.00	0.00
120.40	35.60	31.90	29.40	27.20	39.70	1.50	0.00	0.00
120.50	35.60	31.90	29.40	27.20	39.70	1.50	0.00	0.00
120.60	35.60	32.00	29.40	27.40	39.70	1.50	0.00	0.00
120.70	35.60	32.00	29.50	27.30	39.40	1.80	0.00	0.00
120.80	35.60	32.00	29.50	27.30	39.80	1.80	0.00	0.00
120.90	35.50	31.80	29.40	27.20	39.50	1.70	0.00	0.00
121.00	35.60	31.90	29.50	27.50	39.40	1.70	0.00	0.00
121.10	35.60	31.90	29.50	27.50	39.50	1.80	0.00	0.00
121.20	35.50	32.00	29.50	27.10	39.50	2.00	0.00	0.00
121.30	35.60	32.10	29.50	27.50	39.10	1.80	0.00	0.00
121.40	35.60	32.10	29.50	27.50	39.40	1.70	0.00	0.00
