Ambient Temperature(C): 24.3
Ambient Pressure(in Hg): 29.3
Time(s)	T1(Deg C)	Wall Temp(Deg C)	Top Plate(Deg C)	Bottom Plate(Deg C)	P1(PSI)	P2(PSI)	Mass Flowrate(g/min)	Heater Energy (kJ)

0.00	24.30	25.80	26.10	26.30	1.00	1.50	0.00	0.00
0.10	24.30	25.80	26.10	26.30	1.20	2.00	0.00	0.00
0.20	24.30	25.80	26.10	26.30	1.20	2.00	0.00	0.00
0.30	24.40	25.80	26.10	26.20	1.20	2.00	0.00	0.00
0.40	24.30	25.70	26.00	26.20	1.20	1.50	0.00	0.00
0.50	24.30	25.70	26.00	26.20	1.20	2.40	0.00	0.00
0.60	24.20	25.90	26.10	26.20	1.00	1.70	0.00	0.00
0.70	24.30	25.70	26.00	26.10	1.20	1.70	0.00	0.00
0.80	24.30	25.70	26.00	26.10	1.00	1.70	0.00	0.00
0.90	24.40	25.80	26.10	26.20	1.20	1.80	0.00	0.00
1.00	24.30	25.70	26.10	26.20	0.90	1.70	0.00	0.00
1.10	24.30	25.70	26.10	26.20	1.20	1.70	0.00	0.00
1.20	24.40	25.80	26.20	26.30	1.20	1.70	0.00	0.00
1.30	24.40	25.80	26.20	26.30	1.20	1.50	0.00	0.00
1.40	24.40	25.90	26.10	26.20	0.90	1.80	0.00	0.00
1.50	24.40	25.80	26.00	26.20	1.00	1.50	0.00	0.00
1.60	24.40	25.80	26.00	26.20	1.00	1.70	0.00	0.00
1.70	24.50	25.80	26.10	26.30	1.00	1.70	0.00	0.00
1.80	24.30	25.90	26.10	26.30	0.30	1.30	0.00	0.00
1.90	24.30	25.90	26.10	26.30	0.90	1.50	0.00	0.00
2.00	24.40	25.80	26.10	26.20	0.90	1.50	-0.01	0.00
2.10	24.50	25.80	26.20	26.30	0.90	1.50	-0.01	0.00
2.20	24.50	25.80	26.20	26.30	0.90	1.50	0.00	0.00
2.30	24.40	25.80	26.20	26.30	0.90	1.70	0.00	0.00
2.40	24.40	25.80	26.20	26.20	0.40	1.50	0.00	0.00
2.50	24.40	25.80	26.20	26.20	1.30	1.70	0.00	0.00
2.60	24.40	25.80	26.20	26.20	0.90	1.50	0.00	0.00
2.70	24.40	25.80	26.20	26.20	1.30	2.00	0.00	0.00
2.80	24.50	25.80	26.10	26.30	1.20	1.80	0.00	0.00
2.90	24.50	25.80	26.20	26.30	1.00	2.00	0.00	0.00
3.00	24.50	25.80	26.20	26.30	1.00	2.00	0.00	0.00
3.10	24.50	25.70	26.20	26.20	1.00	1.50	0.00	0.00
3.20	24.40	25.60	25.90	26.00	1.20	1.50	0.01	0.00
3.30	24.40	25.60	25.90	26.00	1.60	1.70	0.00	0.00
3.40	24.40	25.80	26.00	26.30	0.70	1.20	0.00	0.00
3.50	24.50	25.70	26.10	26.30	1.20	1.50	0.00	0.00
3.60	24.50	25.70	26.10	26.30	0.90	1.50	0.00	0.00
3.70	24.40	25.80	26.10	26.20	1.30	1.70	0.00	0.00
3.80	24.40	25.80	26.10	26.20	1.20	2.00	0.00	0.00
3.90	24.50	25.80	26.00	26.20	0.90	1.80	0.00	0.00
4.00	24.40	25.90	26.10	26.30	0.90	1.80	0.00	0.00
4.10	24.40	25.90	26.10	26.30	0.90	2.00	0.00	0.00
4.20	24.40	25.70	26.00	26.20	0.90	1.50	0.00	0.00
4.30	24.50	25.80	26.10	26.20	1.00	1.70	0.00	0.00
4.40	24.50	25.80	26.10	26.20	0.30	1.50	0.00	0.00
4.50	24.40	25.70	26.00	26.20	1.00	1.80	0.00	0.00
4.60	24.40	25.70	26.00	26.20	1.00	1.70	0.00	0.00
4.70	24.60	25.90	26.10	26.30	1.20	1.70	0.00	0.00
4.80	24.50	25.70	26.10	26.10	1.00	1.80	0.00	0.00
4.90	24.50	25.70	26.10	26.10	1.50	1.70	0.00	0.00
5.00	24.50	25.70	26.10	26.20	1.50	1.70	0.00	0.00
5.10	24.50	25.70	26.10	26.20	1.00	1.50	0.00	0.00
5.20	24.50	25.60	25.90	26.10	1.20	1.50	0.00	0.00
5.30	24.50	25.80	26.00	26.10	1.00	1.50	0.00	0.00
5.40	24.50	25.80	26.00	26.10	0.70	1.70	0.00	0.00
5.50	24.50	25.70	26.10	26.10	1.30	1.70	0.00	0.00
5.60	24.50	25.80	26.20	26.20	0.90	2.00	0.00	0.00
5.70	24.50	25.80	26.20	26.20	1.00	1.70	0.00	0.00
5.80	24.60	25.80	26.10	26.20	0.90	1.30	0.00	0.00
5.90	24.60	25.80	26.20	26.20	0.90	1.30	0.00	0.00
6.00	24.60	25.80	26.20	26.20	1.20	1.30	0.00	0.00
6.10	24.50	25.70	26.10	26.10	1.20	2.40	0.00	0.00
6.20	24.50	25.70	26.10	26.10	1.30	1.30	0.00	0.00
6.30	24.60	25.80	26.00	26.20	1.20	1.80	0.00	0.00
6.40	24.60	25.70	26.10	26.20	1.30	1.80	0.00	0.00
6.50	24.60	25.70	26.10	26.20	1.20	1.70	0.00	0.00
6.60	24.60	25.70	26.10	26.20	1.20	1.70	0.00	0.00
6.70	24.60	25.70	26.10	26.20	1.20	1.30	0.00	0.00
6.80	24.60	25.70	26.10	26.20	1.30	1.80	0.00	0.00
6.90	24.60	25.90	26.00	26.00	1.30	1.80	0.00	0.00
7.00	24.60	25.90	26.00	26.00	0.90	1.30	0.00	0.00
7.10	24.50	25.70	26.00	26.20	1.00	1.50	0.00	0.00
7.20	24.80	25.80	26.20	26.20	0.90	1.80	0.00	0.00
7.30	24.80	25.80	26.20	26.20	1.30	1.50	0.00	0.00
7.40	24.60	25.80	26.10	26.20	1.00	1.70	0.00	0.00
7.50	24.70	25.80	26.20	26.40	1.20	1.70	0.00	0.00
7.60	24.70	25.80	26.20	26.40	0.90	1.80	0.00	0.00
7.70	24.70	25.70	26.00	26.10	1.00	1.70	0.00	0.00
7.80	24.60	25.90	26.20	26.20	1.20	1.50	0.00	0.00
7.90	24.60	25.90	26.20	26.20	1.00	1.70	0.00	0.00
8.00	24.60	25.80	26.10	26.20	1.00	1.70	0.00	0.00
8.10	24.60	25.80	26.00	26.20	0.90	1.30	0.00	0.00
8.20	24.60	25.80	26.00	26.20	1.00	1.30	0.00	0.00
8.30	24.70	25.80	26.10	26.20	1.20	1.80	0.00	0.00
8.40	24.70	25.70	26.20	26.20	1.00	1.80	0.00	0.00
8.50	24.70	25.70	26.20	26.20	0.90	2.00	0.00	0.00
8.60	24.60	25.70	26.00	26.10	0.90	2.00	0.00	0.00
8.70	24.60	25.80	26.10	26.30	1.00	1.30	0.00	0.00
8.80	24.60	25.80	26.10	26.30	1.00	1.80	0.00	0.00
8.90	24.70	25.80	26.10	26.20	0.70	1.70	0.00	0.00
9.00	24.70	25.80	26.10	26.20	1.00	1.70	0.00	0.00
9.10	24.70	25.70	26.10	26.20	1.00	1.50	0.00	0.00
9.20	24.70	25.70	26.00	26.00	1.00	1.70	0.00	0.00
9.30	24.70	25.70	26.00	26.00	1.00	1.50	0.00	0.00
9.40	24.80	25.80	26.10	26.30	0.90	1.50	0.00	0.00
9.50	24.50	25.60	25.90	26.00	1.00	1.70	0.00	0.00
9.60	24.50	25.60	25.90	26.00	1.30	1.70	0.00	0.00
9.70	24.80	25.80	26.10	26.20	1.30	1.70	0.00	0.00
9.80	24.70	25.80	26.10	26.20	1.30	1.70	0.00	0.00
9.90	24.70	25.80	26.10	26.20	0.90	2.10	0.00	0.00
10.00	24.80	25.80	26.10	26.30	0.60	1.70	0.00	0.00
10.10	24.70	25.60	26.00	26.20	1.30	1.50	0.00	0.00
10.20	24.70	25.60	26.00	26.20	1.00	1.50	0.00	0.00
10.30	24.60	25.70	26.00	26.10	1.30	1.50	0.00	0.00
10.40	24.80	25.80	26.20	26.20	1.00	1.30	0.00	0.00
10.50	24.80	25.80	26.20	26.20	1.00	1.70	0.00	0.00
10.60	24.80	25.70	26.00	26.20	0.90	1.70	0.00	0.00
10.70	24.80	25.70	26.00	26.20	0.90	1.70	0.00	0.00
10.80	24.80	25.70	26.10	26.20	1.00	1.50	0.00	0.00
10.90	24.60	25.60	26.00	26.10	1.50	1.80	0.00	0.00
11.00	24.60	25.60	26.00	26.10	1.20	1.30	0.00	0.00
11.10	24.70	25.70	26.10	26.10	1.20	1.50	0.00	0.00
11.20	24.70	25.90	26.10	26.20	1.00	2.10	0.00	0.00
11.30	24.70	25.90	26.10	26.20	1.00	2.00	0.00	0.00
11.40	24.80	25.80	26.10	26.20	1.00	1.80	0.00	0.00
11.50	24.80	25.60	26.00	26.10	2.00	1.50	0.00	0.00
11.60	24.80	25.60	26.00	26.10	2.00	1.50	0.00	0.00
11.70	24.80	25.70	26.10	26.20	1.20	1.50	0.00	0.00
11.80	24.80	25.70	26.10	26.20	0.70	1.50	0.00	0.00
11.90	24.80	25.70	26.10	26.20	1.00	1.80	0.00	0.00
12.00	24.70	25.70	26.00	26.10	3.30	2.30	16.97	0.00
12.10	24.60	25.70	26.10	26.30	3.50	2.30	6.79	0.00
12.20	24.60	25.70	26.10	26.30	3.20	2.30	1.63	0.00
12.30	25.20	25.80	26.00	26.20	3.20	2.30	0.47	0.00
12.40	25.80	25.80	26.20	26.30	3.20	2.30	0.17	0.00
12.50	25.80	25.80	26.20	26.30	3.20	2.30	0.08	0.00
12.60	26.10	25.80	26.10	26.20	3.20	2.60	-0.60	0.00
12.70	26.20	25.70	26.10	26.00	4.00	2.30	-0.77	0.00
12.80	26.20	25.70	26.10	26.00	3.00	2.30	-0.81	0.00
12.90	26.30	25.70	26.20	26.20	3.30	2.40	-0.82	0.00
13.00	26.20	25.70	26.10	26.20	3.20	2.10	-0.82	0.00
13.10	26.20	25.70	26.10	26.20	3.20	2.10	-0.82	0.00
13.20	26.20	25.80	26.00	26.10	3.50	2.40	-0.82	0.00
13.30	26.20	25.80	26.00	26.10	2.90	2.10	-0.82	0.00
13.40	26.00	25.70	25.90	25.90	2.90	2.10	-0.82	0.00
13.50	26.20	25.80	26.10	26.20	3.50	2.30	-0.82	0.00
13.60	26.20	25.80	26.10	26.20	3.20	2.30	-0.28	0.00
13.70	26.00	25.80	26.00	26.20	3.00	2.60	-0.06	0.00
13.80	26.00	25.70	26.00	26.10	3.20	2.60	-0.02	0.00
13.90	26.00	25.70	26.00	26.10	3.20	2.60	-0.01	0.00
14.00	26.00	25.80	26.10	26.30	3.00	2.40	0.00	0.00
14.10	25.90	25.70	26.10	26.30	2.90	2.00	0.00	0.00
14.20	25.90	25.70	26.10	26.30	3.30	2.30	0.00	0.00
14.30	25.80	25.80	26.20	26.30	3.30	2.30	0.00	0.00
14.40	25.80	25.80	26.20	26.30	3.30	2.30	0.00	0.00
14.50	25.70	25.80	26.00	26.20	2.90	2.60	0.00	0.00
14.60	25.80	25.80	26.10	26.30	3.50	2.40	0.00	0.00
14.70	25.80	25.80	26.10	26.30	3.20	2.40	0.00	0.00
14.80	25.70	25.70	26.10	26.10	2.70	2.40	0.00	0.00
14.90	25.60	25.90	26.00	26.20	2.70	2.30	0.00	0.00
15.00	25.60	25.90	26.00	26.20	2.90	2.10	0.00	0.00
15.10	25.60	25.80	26.00	26.20	3.20	2.10	0.00	0.00
15.20	25.70	25.80	26.10	26.30	3.20	2.40	0.00	0.00
15.30	25.70	25.80	26.10	26.30	3.80	2.30	0.00	0.00
15.40	25.50	25.80	26.10	26.20	2.90	2.10	0.00	0.00
15.50	25.40	25.70	26.00	26.20	3.00	2.40	0.00	0.00
15.60	25.40	25.70	26.00	26.20	3.20	2.60	0.00	0.00
15.70	25.50	25.80	26.10	26.20	3.30	2.30	0.00	0.00
15.80	25.50	25.80	26.10	26.20	2.90	2.10	0.00	0.00
15.90	25.50	25.80	26.10	26.20	2.70	2.30	0.00	0.00
16.00	25.40	25.70	26.10	26.10	3.20	2.40	0.00	0.00
16.10	25.40	25.70	26.10	26.10	3.70	2.40	0.00	0.00
16.20	25.40	25.90	26.10	26.20	3.70	2.40	0.00	0.00
16.30	25.50	25.80	26.10	26.20	3.00	2.30	0.00	0.00
16.40	25.50	25.80	26.10	26.20	3.00	2.30	0.00	0.00
16.50	25.30	25.70	26.00	26.20	3.00	2.30	0.00	0.00
16.60	25.40	25.80	26.10	26.20	3.00	2.60	0.00	0.00
16.70	25.40	25.80	26.10	26.20	3.30	2.40	0.00	0.00
16.80	25.30	25.80	26.10	26.20	2.90	2.40	0.00	0.00
16.90	25.30	25.70	25.90	26.10	3.00	2.30	0.00	0.00
17.00	25.30	25.70	25.90	26.10	2.60	2.40	0.15	0.00
17.10	25.40	25.90	26.20	26.40	3.30	2.40	7.71	0.00
17.20	25.40	25.80	26.10	26.10	3.30	2.40	9.64	0.00
17.30	25.40	25.80	26.10	26.10	3.30	2.30	10.03	0.00
17.40	25.50	25.80	26.00	26.20	3.20	2.60	10.10	0.00
17.50	25.50	25.80	26.00	26.20	3.50	2.40	10.10	0.00
17.60	25.40	25.70	26.10	26.20	3.50	2.30	10.09	0.00
17.70	25.50	25.80	26.20	26.20	3.30	2.10	10.08	0.00
17.80	25.50	25.80	26.20	26.20	3.30	2.30	10.06	0.00
17.90	25.60	25.80	26.10	26.30	3.50	2.60	10.05	0.00
18.00	25.70	25.80	26.10	26.20	3.30	2.60	10.04	0.00
18.10	25.70	25.80	26.10	26.20	3.30	2.30	10.03	0.00
18.20	25.70	25.70	26.00	26.10	3.30	2.30	10.03	0.00
18.30	25.80	25.80	26.10	26.10	3.20	1.70	10.02	0.00
18.40	25.80	25.80	26.10	26.10	3.70	2.10	10.02	0.00
18.50	25.60	25.70	26.00	26.10	3.50	2.10	10.02	0.00
18.60	25.80	25.90	26.20	26.30	3.80	2.00	10.01	0.00
18.70	25.80	25.90	26.20	26.30	3.80	3.20	10.02	0.00
18.80	25.80	25.80	26.10	26.20	3.70	2.30	10.01	0.00
18.90	25.90	25.90	26.10	26.30	3.50	2.60	10.01	0.00
19.00	25.90	25.90	26.10	26.30	3.70	2.40	10.01	0.00
19.10	25.90	25.80	26.20	26.30	3.80	2.30	10.01	0.00
19.20	25.90	25.80	26.20	26.30	4.90	2.30	10.01	0.00
19.30	25.90	25.70	26.10	26.10	3.70	2.30	10.01	0.00
19.40	26.00	25.70	26.00	26.20	4.10	2.40	10.01	0.00
19.50	26.00	25.70	26.00	26.20	3.80	2.30	10.01	0.00
19.60	26.00	25.90	26.20	26.20	4.00	2.30	10.01	0.00
19.70	26.10	25.80	26.10	26.20	4.00	2.60	10.01	0.00
19.80	26.10	25.80	26.10	26.20	4.10	2.40	10.01	0.00
19.90	26.10	25.80	26.10	26.20	4.10	2.40	10.01	0.00
20.00	26.20	25.70	26.10	26.20	4.10	2.40	10.01	0.00
20.10	26.20	25.70	26.10	26.20	4.00	2.10	10.01	0.00
20.20	26.10	25.80	26.00	26.10	4.40	2.30	10.01	0.00
20.30	26.10	25.80	26.00	26.10	3.80	2.40	10.01	0.00
20.40	26.00	25.70	26.10	26.20	4.30	2.30	10.01	0.00
20.50	26.00	25.70	26.10	26.20	4.10	2.10	10.01	0.00
20.60	26.20	25.70	26.00	26.10	4.60	2.10	10.01	0.00
20.70	26.30	25.80	26.20	26.10	4.10	2.40	10.01	0.00
20.80	26.30	25.80	26.20	26.10	2.70	2.00	10.01	0.00
20.90	26.20	25.80	26.20	26.30	4.00	2.30	10.01	0.00
21.00	26.20	25.70	26.20	26.20	4.00	2.30	10.01	0.00
21.10	26.20	25.70	26.20	26.20	4.10	2.40	10.01	0.00
21.20	26.10	25.70	26.10	26.20	4.30	2.10	10.01	0.00
21.30	26.10	25.70	26.10	26.20	4.10	2.30	10.01	0.00
21.40	26.20	25.80	26.00	26.20	4.30	2.30	10.01	0.00
21.50	26.40	25.80	26.10	26.30	4.40	2.30	10.01	0.00
21.60	26.40	25.80	26.10	26.30	5.00	2.30	10.01	0.00
21.70	26.30	25.70	26.00	26.10	4.30	2.40	10.01	0.00
21.80	26.30	25.70	26.10	26.10	4.60	2.40	10.01	0.00
21.90	26.30	25.70	26.10	26.10	4.60	2.40	10.01	0.00
22.00	26.30	25.60	26.00	26.10	4.40	2.30	10.01	0.00
22.10	26.40	25.80	26.20	26.20	4.60	2.30	10.02	0.00
22.20	26.40	25.80	26.20	26.20	4.60	2.30	16.96	0.00
22.30	26.50	25.80	26.10	26.10	4.70	2.40	19.45	0.00
22.40	26.50	25.70	26.30	26.10	4.60	2.40	19.94	0.00
22.50	26.50	25.70	26.30	26.10	4.90	2.30	20.02	0.00
22.60	26.50	25.80	26.10	26.20	4.90	2.30	20.03	0.00
22.70	26.60	25.80	26.30	26.30	5.20	3.20	20.03	0.00
22.80	26.60	25.80	26.30	26.30	5.00	2.30	20.02	0.00
22.90	26.40	25.70	26.00	26.10	5.00	2.30	20.01	0.00
23.00	26.70	25.70	26.10	26.10	5.00	2.30	20.01	0.00
23.10	26.70	25.70	26.10	26.10	4.60	2.30	20.01	0.00
23.20	26.80	25.80	26.10	26.20	5.30	2.30	20.01	0.00
23.30	26.80	25.80	26.10	26.20	5.50	2.10	20.01	0.00
23.40	27.00	25.80	26.10	26.20	5.30	2.30	20.01	0.00
23.50	27.00	25.80	26.10	26.20	5.30	2.40	20.01	0.00
23.60	26.90	25.70	26.10	26.30	5.50	2.30	20.01	0.00
23.70	26.80	25.50	26.00	26.20	5.50	2.30	20.01	0.00
23.80	26.80	25.50	26.00	26.20	5.50	2.60	20.01	0.00
23.90	27.00	25.80	26.20	26.10	5.50	2.60	20.01	0.00
24.00	27.00	25.70	26.20	26.20	5.30	1.80	20.01	0.00
24.10	27.00	25.70	26.20	26.20	6.10	2.40	20.01	0.00
24.20	27.20	25.80	26.20	26.20	5.80	1.80	20.01	0.00
24.30	27.10	25.70	26.10	26.10	6.00	2.40	20.01	0.00
24.40	27.10	25.70	26.10	26.10	6.00	2.30	20.01	0.00
24.50	27.20	25.90	26.10	26.20	6.00	2.40	20.01	0.00
24.60	27.10	25.60	26.00	26.10	5.80	1.80	20.01	0.00
24.70	27.10	25.60	26.00	26.10	5.80	1.80	20.01	0.00
24.80	27.00	25.80	26.10	26.20	6.00	2.30	20.01	0.00
24.90	27.00	25.80	26.10	26.20	6.00	2.30	20.01	0.00
25.00	27.30	25.80	26.10	26.20	6.10	2.10	20.01	0.00
25.10	27.20	25.60	26.00	26.00	6.00	2.10	20.01	0.00
25.20	27.20	25.60	26.00	26.00	6.30	2.30	20.01	0.00
25.30	27.30	25.70	26.00	26.10	6.40	2.30	20.01	0.00
25.40	27.40	25.80	26.10	26.10	6.60	2.00	20.01	0.00
25.50	27.40	25.80	26.10	26.10	6.30	2.30	20.01	0.00
25.60	27.40	25.70	26.10	26.20	6.30	2.40	20.01	0.00
25.70	27.50	25.80	26.20	26.30	6.40	2.00	20.01	0.00
25.80	27.50	25.80	26.20	26.30	6.40	2.10	20.01	0.00
25.90	27.50	25.70	26.10	26.10	6.40	2.10	20.01	0.00
26.00	27.50	25.70	26.10	26.10	6.70	2.40	20.01	0.00
26.10	27.40	25.70	26.10	26.20	6.70	2.00	20.01	0.00
26.20	27.60	25.70	26.10	26.00	6.70	2.00	20.01	0.00
26.30	27.60	25.70	26.10	26.00	7.20	2.40	20.01	0.00
26.40	27.60	25.80	26.20	26.10	7.00	2.10	20.02	0.00
26.50	27.50	25.70	26.00	26.00	7.50	2.40	27.34	0.00
26.60	27.50	25.70	26.00	26.00	7.20	2.40	29.51	0.00
26.70	27.50	25.70	26.00	26.10	7.30	2.00	29.85	0.00
26.80	27.70	25.70	26.00	26.20	7.20	2.60	30.00	0.00
26.90	27.70	25.70	26.00	26.20	7.20	2.60	30.02	0.00
27.00	27.90	25.80	26.20	26.30	7.30	2.40	30.02	0.00
27.10	27.60	25.70	25.80	26.00	7.70	2.60	30.01	0.00
27.20	27.60	25.70	25.80	26.00	7.50	2.30	30.00	0.00
27.30	27.80	25.70	26.10	26.10	7.50	2.30	30.01	0.00
27.40	27.80	25.70	26.10	26.10	7.80	2.00	30.01	0.00
27.50	27.90	25.70	26.20	26.10	8.10	2.30	30.01	0.00
27.60	27.90	25.60	26.00	26.10	8.10	2.40	30.01	0.00
27.70	28.10	25.80	26.00	26.10	8.40	2.30	30.01	0.00
27.80	28.10	25.80	26.00	26.10	8.40	2.30	30.01	0.00
27.90	28.10	25.70	26.00	26.10	8.10	2.40	30.01	0.00
28.00	28.10	25.70	26.00	26.20	8.40	2.10	30.01	0.00
28.10	28.10	25.70	26.00	26.20	8.70	2.60	30.01	0.00
28.20	28.20	25.70	26.10	26.20	8.30	2.10	30.01	0.00
28.30	28.20	25.70	26.00	26.20	8.40	2.30	30.02	0.00
28.40	28.20	25.70	26.00	26.20	8.90	2.40	30.01	0.00
28.50	28.30	25.80	26.10	26.20	8.60	2.30	30.01	0.00
28.60	28.40	25.80	26.20	26.30	9.00	2.10	30.01	0.00
28.70	28.40	25.80	26.20	26.30	8.70	2.60	30.01	0.00
28.80	28.40	25.90	26.20	26.20	8.70	2.60	30.01	0.00
28.90	28.50	25.70	26.10	26.20	9.20	2.10	30.01	0.00
29.00	28.50	25.70	26.10	26.20	9.00	2.30	30.01	0.00
29.10	28.40	25.70	26.00	26.10	8.70	2.40	30.01	0.00
29.20	28.40	25.70	26.00	26.10	9.70	2.10	30.01	0.00
29.30	28.40	25.70	26.00	26.10	9.50	2.40	30.01	0.00
29.40	28.50	25.80	26.00	26.10	9.20	2.10	30.01	0.00
29.50	28.50	25.80	26.00	26.10	9.80	2.30	30.01	0.00
29.60	28.60	25.80	26.10	26.20	9.70	2.10	30.01	0.00
29.70	28.50	25.80	26.10	26.20	9.70	2.10	30.01	0.00
29.80	28.50	25.80	26.10	26.20	10.00	2.30	30.02	0.00
29.90	28.60	25.70	26.20	26.30	9.80	2.30	30.01	0.00
30.00	28.80	25.70	26.10	26.10	10.00	2.40	30.01	0.00
30.10	28.80	25.70	26.10	26.10	10.10	2.40	30.03	0.00
30.20	28.70	25.80	26.00	26.20	10.60	2.40	37.30	0.00
30.30	28.70	25.80	26.00	26.20	10.30	2.10	39.49	0.00
30.40	28.70	25.80	26.10	26.20	10.60	2.40	39.93	0.00
30.50	28.70	25.80	26.10	26.20	10.30	1.80	40.01	0.00
30.60	28.70	25.80	26.10	26.20	10.70	2.40	40.02	0.00
30.70	28.60	25.70	26.00	26.10	10.70	2.40	40.02	0.00
30.80	28.80	25.60	26.10	26.10	10.70	2.30	40.01	0.00
30.90	28.80	25.60	26.10	26.10	11.80	2.40	40.01	0.00
31.00	28.90	25.80	26.00	26.10	10.60	2.10	40.01	0.00
31.10	29.00	25.70	26.00	26.10	11.00	2.40	40.02	0.00
31.20	29.00	25.70	26.00	26.10	11.50	2.60	40.01	0.00
31.30	28.90	25.70	25.90	26.20	11.20	2.30	40.02	0.00
31.40	29.10	25.70	26.00	26.10	11.50	2.40	40.02	0.00
31.50	29.10	25.70	26.00	26.10	11.70	1.80	40.01	0.00
31.60	29.10	25.60	26.00	26.10	12.00	2.40	40.01	0.00
31.70	29.40	25.80	26.10	26.20	12.00	2.40	40.01	0.00
31.80	29.40	25.80	26.10	26.20	12.00	2.10	40.02	0.00
31.90	29.40	25.70	26.10	26.30	12.10	2.30	40.02	0.00
32.00	29.40	25.70	26.10	26.30	12.40	2.30	40.02	0.00
32.10	29.40	25.70	26.20	26.20	12.10	2.10	40.02	0.00
32.20	29.40	25.80	26.10	26.20	12.40	2.00	40.02	0.00
32.30	29.40	25.80	26.10	26.20	12.40	2.40	40.02	0.00
32.40	29.40	25.70	26.10	26.10	12.60	2.00	40.02	0.00
32.50	29.40	25.60	26.00	26.10	13.00	2.10	40.01	0.00
32.60	29.40	25.60	26.00	26.10	13.00	2.10	40.02	0.00
32.70	29.50	25.80	26.20	26.20	13.00	2.10	40.02	0.00
32.80	29.60	25.80	26.20	26.30	13.20	2.40	40.02	0.00
32.90	29.60	25.80	26.20	26.30	13.00	2.40	40.02	0.00
33.00	29.50	25.70	26.10	26.10	13.30	2.30	40.01	0.00
33.10	29.50	25.70	26.10	26.10	13.50	2.00	40.02	0.00
33.20	29.60	25.80	26.10	26.20	13.70	2.10	40.02	0.00
33.30	29.50	25.60	25.90	26.10	13.70	2.10	40.02	0.00
33.40	29.50	25.60	25.90	26.10	13.50	2.40	40.02	0.00
33.50	29.70	25.80	26.10	26.20	13.30	2.30	40.02	0.00
33.60	29.60	25.80	26.10	26.20	13.30	2.30	40.02	0.00
33.70	29.60	25.80	26.10	26.20	13.80	2.10	40.01	0.00
33.80	29.70	25.70	26.10	26.20	14.00	2.30	40.02	0.00
33.90	29.70	25.80	26.10	26.10	14.70	2.00	40.02	0.00
34.00	29.70	25.80	26.10	26.10	14.40	2.30	40.02	0.00
34.10	29.80	25.80	26.20	26.10	14.70	1.80	40.03	0.00
34.20	29.80	25.80	26.20	26.30	14.70	2.30	47.32	0.00
34.30	29.80	25.80	26.20	26.30	14.70	2.40	49.50	0.00
34.40	29.70	25.70	26.10	26.20	15.00	2.10	49.93	0.00
34.50	29.90	25.70	26.10	26.20	15.00	2.10	50.01	0.00
34.60	29.90	25.70	26.10	26.20	15.20	2.90	50.02	0.00
34.70	29.90	25.70	26.10	26.30	15.70	2.00	50.02	0.00
34.80	30.00	25.80	26.20	26.20	15.30	2.30	50.01	0.00
34.90	30.00	25.80	26.20	26.20	15.70	2.30	50.02	0.00
35.00	30.00	25.70	26.10	26.10	15.70	2.30	50.02	0.00
35.10	30.00	25.70	26.10	26.10	15.70	1.80	50.02	0.00
35.20	30.10	25.70	26.20	26.20	15.80	2.30	50.02	0.00
35.30	30.10	25.80	26.10	26.10	16.40	2.40	50.02	0.00
35.40	30.10	25.80	26.10	26.10	16.90	2.40	50.02	0.00
35.50	30.10	25.80	26.10	26.20	16.90	2.40	50.02	0.00
35.60	30.10	25.70	26.10	26.20	17.00	2.30	50.02	0.00
35.70	30.10	25.70	26.10	26.20	16.70	2.00	50.02	0.00
35.80	30.10	25.60	26.10	26.00	17.00	2.40	50.02	0.00
35.90	30.10	25.60	26.10	26.00	16.60	2.10	50.02	0.00
36.00	30.40	25.70	26.10	26.20	17.00	2.30	50.02	0.00
36.10	30.40	25.70	26.20	26.30	17.40	2.00	50.02	0.00
36.20	30.40	25.70	26.20	26.30	17.20	2.30	50.03	0.00
36.30	30.50	25.80	26.10	26.20	17.40	2.00	50.03	0.00
36.40	30.60	25.70	26.10	26.20	17.80	2.30	50.02	0.00
36.50	30.60	25.70	26.10	26.20	17.80	2.30	50.02	0.00
36.60	30.50	25.80	26.00	26.20	18.00	2.10	50.02	0.00
36.70	30.50	25.80	26.10	26.10	18.10	2.10	50.02	0.00
36.80	30.50	25.80	26.10	26.10	18.40	2.30	50.02	0.00
36.90	30.60	25.80	26.10	26.20	18.60	2.00	50.03	0.00
37.00	30.50	25.70	26.00	26.00	18.70	2.10	50.02	0.00
37.10	30.50	25.70	26.00	26.00	18.40	2.30	50.03	0.00
37.20	30.60	25.60	26.00	26.00	18.70	2.40	50.02	0.00
37.30	30.60	25.70	26.00	26.20	19.20	2.10	50.02	0.00
37.40	30.60	25.70	26.00	26.20	19.20	2.10	50.02	0.00
37.50	30.70	25.80	26.20	26.20	19.20	2.10	50.02	0.00
37.60	30.70	25.80	26.20	26.20	19.20	2.40	50.03	0.00
37.70	30.70	25.80	26.10	26.10	19.00	2.00	50.02	0.00
37.80	30.90	26.00	26.20	26.30	19.70	2.10	50.03	0.00
37.90	30.90	26.00	26.20	26.30	19.80	2.00	50.02	0.00
38.00	30.80	25.80	26.20	26.20	20.10	2.10	50.03	0.00
38.10	30.80	25.60	26.00	26.20	20.00	2.60	50.03	0.00
38.20	30.80	25.60	26.00	26.20	20.40	2.10	50.02	0.00
38.30	30.70	25.70	26.00	26.10	20.40	2.10	50.03	0.00
38.40	30.70	25.60	26.00	26.10	20.40	2.30	50.02	0.00
38.50	30.70	25.60	26.00	26.10	20.40	2.10	50.03	0.00
38.60	30.80	25.60	26.00	26.10	20.70	2.10	50.03	0.00
38.70	30.80	25.70	26.20	26.20	19.40	2.10	50.02	0.00
38.80	30.80	25.70	26.20	26.20	21.40	2.40	50.03	0.00
38.90	30.90	25.60	26.10	26.10	21.00	2.10	50.03	0.00
39.00	31.00	25.90	26.20	26.30	21.20	2.40	50.03	0.00
39.10	31.00	25.90	26.20	26.30	21.50	2.10	50.03	0.00
39.20	30.90	25.70	26.00	26.10	21.40	2.40	50.03	0.00
39.30	30.90	25.70	26.00	26.10	21.40	2.40	50.03	0.00
39.40	31.10	25.80	26.20	26.20	21.80	2.00	50.03	0.00
39.50	30.90	25.70	26.10	26.20	21.80	2.30	50.03	0.00
39.60	30.90	25.70	26.10	26.20	22.10	2.10	50.03	0.00
39.70	30.90	25.90	26.20	26.30	22.30	2.70	50.04	0.00
39.80	31.00	25.60	26.10	26.10	22.30	2.40	50.03	0.00
39.90	31.00	25.60	26.10	26.10	22.40	2.10	50.03	0.00
40.00	31.10	25.90	26.10	26.30	22.60	1.80	50.02	0.00
40.10	31.00	25.80	26.20	26.10	22.90	2.00	50.03	0.00
40.20	31.00	25.80	26.20	26.10	22.90	2.00	50.03	0.00
40.30	31.00	25.80	26.10	26.20	23.20	2.00	50.03	0.00
40.40	31.00	25.80	26.10	26.10	23.00	2.00	50.03	0.00
40.50	31.00	25.80	26.10	26.10	23.20	2.00	50.03	0.00
40.60	30.90	25.80	26.10	26.20	23.40	2.00	50.03	0.00
40.70	31.00	25.80	26.10	26.00	23.50	2.30	50.03	0.00
40.80	31.00	25.80	26.10	26.00	24.40	2.10	50.03	0.00
40.90	30.90	25.70	26.00	26.00	24.00	2.10	50.03	0.00
41.00	30.90	25.70	26.00	26.00	24.30	2.40	50.04	0.00
41.10	30.90	25.70	26.00	26.00	24.40	2.40	50.03	0.00
41.20	31.00	25.70	26.00	26.10	24.40	2.40	50.03	0.00
41.30	31.00	25.70	26.20	26.20	24.60	2.60	50.03	0.00
41.40	31.00	25.70	26.20	26.20	24.60	2.40	50.03	0.00
41.50	31.10	25.70	26.10	26.30	24.90	2.30	50.04	0.00
41.60	31.20	25.80	26.10	26.10	24.60	2.00	50.03	0.00
41.70	31.20	25.80	26.10	26.10	24.70	2.10	50.03	0.00
41.80	31.10	25.70	26.10	26.30	25.40	2.10	50.03	0.00
41.90	31.00	25.70	26.00	26.20	25.50	2.10	50.03	0.00
42.00	31.00	25.70	26.00	26.20	25.50	2.10	50.04	0.00
42.10	31.10	25.80	26.10	26.20	25.50	2.10	50.03	0.00
42.20	31.10	25.80	26.10	26.20	25.70	2.60	50.03	0.00
42.30	31.10	25.80	26.20	26.20	26.00	2.30	50.03	0.00
42.40	31.10	25.70	26.00	26.10	25.80	2.00	50.03	0.00
42.50	31.10	25.70	26.00	26.10	26.00	2.30	50.04	0.00
42.60	31.10	25.70	26.10	26.00	26.70	2.40	50.03	0.00
42.70	31.10	25.70	25.90	26.20	26.90	1.00	50.04	0.00
42.80	31.10	25.70	25.90	26.20	26.40	2.40	50.03	0.00
42.90	31.20	25.70	26.20	26.20	26.60	2.00	50.03	0.00
43.00	31.10	25.80	26.10	26.20	26.60	2.00	50.04	0.00
43.10	31.10	25.80	26.10	26.20	27.00	2.10	50.03	0.00
43.20	31.30	25.80	26.20	26.20	26.90	2.30	50.04	0.00
43.30	31.30	25.80	26.20	26.20	27.20	2.30	50.03	0.00
43.40	31.20	25.90	26.20	26.10	26.40	2.10	50.03	0.00
43.50	31.20	25.90	26.20	26.10	27.70	2.00	50.03	0.00
43.60	31.20	25.70	26.10	26.20	27.70	2.00	50.04	0.00
43.70	31.10	25.70	26.00	26.20	28.10	2.30	50.03	0.00
43.80	31.10	25.70	26.00	26.20	27.80	2.10	50.03	0.00
43.90	31.20	25.70	26.10	26.30	27.80	2.00	50.03	0.00
44.00	31.20	25.70	26.10	26.30	27.80	2.00	50.03	0.00
44.10	31.10	25.70	26.10	26.20	28.40	2.30	50.03	0.00
44.20	31.20	25.70	26.10	26.10	28.70	2.10	50.03	0.00
44.30	31.20	25.70	26.10	26.10	28.30	2.10	50.03	0.00
44.40	31.30	25.80	26.20	26.30	28.40	2.40	50.03	0.00
44.50	31.20	25.80	26.20	26.10	27.40	2.30	50.02	0.00
44.60	31.20	25.80	26.20	26.10	28.70	2.30	50.02	0.00
44.70	31.30	25.80	26.10	26.20	29.20	2.00	50.03	0.00
44.80	31.30	25.70	26.10	26.10	29.00	2.10	50.03	0.00
44.90	31.30	25.70	26.10	26.10	29.00	2.10	50.03	0.00
45.00	31.20	25.70	26.10	26.10	29.40	2.30	50.03	0.00
45.10	31.10	25.70	26.10	26.10	29.70	2.30	50.04	0.00
45.20	31.10	25.70	26.10	26.10	29.80	2.10	50.03	0.00
45.30	31.20	25.70	26.00	26.20	29.80	2.60	50.03	0.00
45.40	31.30	25.80	26.20	26.20	30.10	2.40	50.02	0.00
45.50	31.30	25.80	26.20	26.20	30.10	2.10	50.03	0.00
45.60	31.20	25.70	26.20	26.10	30.00	2.00	50.03	0.00
45.70	31.20	25.80	26.10	26.20	30.60	2.10	50.03	0.00
45.80	31.20	25.80	26.10	26.20	30.60	2.10	50.02	0.00
45.90	31.20	25.60	26.10	26.20	30.70	2.30	50.03	0.00
46.00	31.30	25.70	26.20	26.10	30.70	2.30	50.02	0.00
46.10	31.30	25.70	26.20	26.10	31.10	2.00	50.04	0.00
46.20	31.20	25.70	26.00	26.10	31.40	2.40	50.04	0.00
46.30	31.30	25.80	26.10	26.20	31.80	2.30	50.03	0.00
46.40	31.30	25.80	26.10	26.20	31.20	2.30	50.03	0.00
46.50	31.20	25.60	26.10	26.10	31.20	2.10	50.03	0.00
46.60	31.30	25.70	26.10	26.10	31.50	2.00	50.03	0.00
46.70	31.30	25.70	26.10	26.10	31.50	2.00	50.03	0.00
46.80	31.10	25.70	26.00	26.10	31.80	2.40	50.03	0.00
46.90	31.30	25.70	26.00	26.10	32.30	2.30	50.03	0.00
47.00	31.30	25.70	26.00	26.10	32.40	2.10	50.03	0.00
47.10	31.40	25.80	26.20	26.20	32.40	2.30	50.03	0.00
47.20	31.40	25.70	26.10	26.20	32.40	1.80	50.03	0.00
47.30	31.40	25.70	26.10	26.20	32.70	2.10	50.04	0.00
47.40	31.20	25.80	26.10	26.20	33.10	2.30	50.04	0.00
47.50	31.20	25.80	26.10	26.20	32.90	2.40	50.03	0.00
47.60	31.30	25.70	26.10	26.20	32.90	2.40	50.04	0.00
47.70	31.30	25.70	26.10	26.10	33.10	2.40	50.03	0.00
47.80	31.30	25.70	26.10	26.10	33.10	2.10	50.04	0.00
47.90	31.20	25.60	26.00	26.00	33.40	2.30	50.03	0.00
48.00	31.40	25.80	26.10	26.10	33.50	2.10	50.04	0.00
48.10	31.40	25.80	26.10	26.10	33.20	2.30	50.03	0.00
48.20	31.30	25.80	26.10	26.20	33.80	2.30	50.04	0.00
48.30	31.30	25.80	26.10	26.20	33.80	2.30	50.03	0.00
48.40	31.20	25.70	26.00	26.10	34.00	2.30	50.04	0.00
48.50	31.30	25.70	26.10	26.20	34.30	2.30	50.03	0.00
48.60	31.30	25.70	26.10	26.20	34.30	2.30	50.03	0.00
48.70	31.40	25.80	26.10	26.20	34.60	2.10	50.03	0.00
48.80	31.30	25.80	26.10	26.20	34.60	2.10	50.03	0.00
48.90	31.30	25.80	26.10	26.20	34.90	2.40	50.03	0.00
49.00	31.30	25.80	26.10	26.30	34.90	2.10	50.04	0.00
49.10	31.30	25.80	26.10	26.30	34.70	2.30	50.03	0.00
49.20	31.30	25.60	25.90	26.00	35.20	2.10	50.03	0.00
49.30	31.40	25.80	26.20	26.20	35.50	2.40	50.03	0.00
49.40	31.40	25.80	26.20	26.20	35.70	2.40	50.03	0.00
49.50	31.60	25.90	26.30	26.40	35.70	2.40	50.04	0.00
49.60	31.40	25.80	26.10	26.10	35.50	2.10	50.03	0.00
49.70	31.40	25.80	26.10	26.20	35.70	2.00	50.03	0.00
49.80	31.40	25.80	26.10	26.20	36.30	2.10	50.03	0.00
49.90	31.40	25.70	26.10	26.20	36.10	1.80	50.03	0.00
50.00	31.30	25.70	26.20	26.20	36.30	2.30	50.03	0.00
50.10	31.30	25.70	26.20	26.20	36.40	2.30	50.03	0.00
50.20	31.40	25.80	26.10	26.20	36.60	2.40	50.03	0.00
50.30	31.50	25.80	26.20	26.20	36.90	2.30	50.03	0.00
50.40	31.50	25.80	26.20	26.20	36.60	2.30	50.03	0.00
50.50	31.30	25.70	26.20	26.30	36.60	2.30	50.03	0.00
50.60	31.30	25.70	26.20	26.30	37.10	2.30	50.03	0.00
50.70	31.40	25.70	26.20	26.10	37.10	1.80	50.03	0.00
50.80	31.40	25.80	26.10	26.10	37.50	2.00	50.04	0.00
50.90	31.40	25.80	26.10	26.10	37.70	2.30	50.03	0.00
51.00	31.30	25.80	26.10	26.10	37.70	2.30	50.03	0.00
51.10	31.30	25.80	26.10	26.10	37.80	2.30	50.02	0.00
51.20	31.40	25.70	26.10	26.20	37.70	2.90	50.04	0.00
51.30	31.50	25.80	26.10	26.20	38.30	2.30	50.04	0.00
51.40	31.50	25.80	26.10	26.20	38.00	2.00	50.03	0.00
51.50	31.40	25.70	26.10	26.20	38.30	2.30	50.04	0.00
51.60	31.30	25.70	26.10	26.20	38.60	2.10	50.03	0.00
51.70	31.30	25.70	26.10	26.20	38.60	2.00	50.03	0.00
51.80	31.40	25.70	26.10	26.20	38.70	2.40	50.03	0.00
51.90	31.30	25.60	26.10	26.10	39.20	2.40	50.03	0.00
52.00	31.30	25.60	26.10	26.10	39.20	2.10	50.02	0.00
52.10	31.30	25.50	26.00	26.10	39.20	2.10	50.04	0.00
52.20	31.30	25.50	26.00	26.10	39.20	2.70	50.04	0.00
52.30	31.40	25.80	26.10	26.00	39.50	2.40	50.03	0.00
52.40	31.40	25.70	26.10	26.30	39.50	2.40	50.01	0.00
52.50	31.40	25.70	26.10	26.30	39.50	2.10	51.17	0.00
52.60	31.40	25.80	26.20	26.10	39.40	2.10	51.45	0.00
52.70	31.40	25.80	26.10	26.30	39.70	2.00	51.46	0.00
52.80	31.40	25.80	26.10	26.30	39.40	2.30	51.46	0.00
52.90	31.00	25.60	26.00	26.10	39.10	2.10	50.95	0.00
53.00	31.10	25.80	26.10	26.10	39.40	2.30	49.26	0.00
53.10	31.10	25.80	26.10	26.10	39.50	2.60	45.13	0.00
53.20	30.80	25.80	26.20	26.20	39.20	2.30	27.09	0.00
53.30	30.80	25.80	26.20	26.20	39.20	2.30	17.08	0.00
53.40	30.80	25.70	26.00	26.10	39.40	2.10	12.61	0.00
53.50	30.80	25.70	26.00	26.10	39.20	2.30	9.66	0.00
53.60	30.40	25.70	26.00	26.10	39.50	2.10	7.65	0.00
53.70	30.40	25.70	26.20	26.20	38.90	2.10	6.17	0.00
53.80	30.40	25.70	26.20	26.20	39.20	2.10	5.02	0.00
53.90	30.10	25.60	26.10	26.20	39.50	2.00	4.19	0.00
54.00	30.10	25.70	26.10	26.30	38.30	2.00	0.82	0.00
54.10	30.10	25.70	26.10	26.30	38.70	2.70	-0.08	0.00
54.20	29.90	25.70	26.10	26.20	38.90	2.10	-0.29	0.00
54.30	29.90	25.60	26.10	26.10	38.90	2.10	-0.34	0.00
54.40	29.90	25.60	26.10	26.10	38.90	2.30	-0.35	0.00
54.50	29.80	25.60	26.10	26.10	39.10	2.60	-0.36	0.00
54.60	29.60	25.70	26.30	26.20	39.20	2.30	-0.37	0.00
54.70	29.60	25.70	26.30	26.20	38.90	2.00	-0.37	0.00
54.80	29.70	25.70	26.20	26.30	38.70	2.10	-0.38	0.00
54.90	29.60	25.80	26.20	26.10	39.10	2.70	-0.38	0.00
55.00	29.60	25.80	26.20	26.10	40.00	2.00	-0.39	0.00
55.10	29.50	25.60	26.20	26.10	39.20	2.30	-0.09	0.00
55.20	29.40	25.80	26.20	26.30	39.20	2.30	-0.02	0.00
55.30	29.40	25.80	26.20	26.30	38.60	2.10	-0.01	0.00
55.40	29.30	25.70	26.10	26.20	39.20	2.60	-0.01	0.00
55.50	29.30	25.70	26.10	26.20	38.70	2.10	-0.01	0.00
55.60	29.20	25.60	26.00	26.10	38.90	2.30	-0.01	0.00
55.70	29.00	25.70	26.10	26.20	39.10	2.30	-0.01	0.00
55.80	29.00	25.70	26.10	26.20	38.90	2.10	-0.01	0.00
55.90	28.90	25.60	26.00	26.10	38.90	2.00	-0.01	0.00
56.00	28.90	25.60	26.10	26.20	39.80	2.00	-0.02	0.00
56.10	28.90	25.60	26.10	26.20	39.20	2.40	-0.01	0.00
56.20	28.90	25.70	26.10	26.10	39.20	2.40	-0.01	0.00
56.30	28.90	25.70	26.10	26.10	39.10	2.10	-0.01	0.00
56.40	28.90	25.70	26.10	26.10	38.70	2.40	-0.02	0.00
56.50	28.80	25.70	26.10	26.20	39.10	1.20	-0.02	0.00
56.60	28.80	25.60	26.20	26.10	38.70	2.40	-0.02	0.00
56.70	28.80	25.60	26.20	26.10	39.40	2.10	-0.02	0.00
56.80	28.80	25.70	26.10	26.20	38.90	2.30	-0.02	0.00
56.90	28.60	25.70	26.00	26.20	38.60	2.10	-0.02	0.00
57.00	28.60	25.70	26.00	26.20	39.10	2.30	-0.02	0.00
57.10	28.60	25.70	26.20	26.10	39.10	2.30	-0.01	0.00
57.20	28.60	25.70	26.10	26.10	39.10	2.30	-0.01	0.00
57.30	28.60	25.70	26.10	26.10	38.70	2.00	0.00	0.00
57.40	28.60	25.70	26.00	26.20	38.90	2.10	0.00	0.00
57.50	28.60	25.60	26.00	26.20	38.90	2.00	-0.01	0.00
57.60	28.60	25.60	26.00	26.20	38.90	2.10	-0.01	0.00
57.70	28.40	25.70	26.10	26.20	39.10	2.30	-0.01	0.00
57.80	28.50	25.70	26.10	26.00	38.70	2.30	-0.01	0.00
57.90	28.50	25.70	26.10	26.00	38.90	2.40	-0.01	0.00
58.00	28.40	25.70	26.00	26.10	38.90	2.10	-0.01	0.00
58.10	28.40	25.70	26.10	26.10	38.90	2.10	0.00	0.00
58.20	28.40	25.70	26.10	26.10	39.10	2.10	0.00	0.00
58.30	28.40	25.80	26.10	26.10	39.10	2.00	0.00	0.00
58.40	28.30	25.70	26.10	26.10	38.90	1.00	0.00	0.00
58.50	28.30	25.70	26.10	26.10	38.70	2.30	0.00	0.00
58.60	28.40	25.70	26.20	26.20	38.70	2.30	0.00	0.00
58.70	28.30	25.70	26.10	26.10	39.70	2.30	0.00	0.00
58.80	28.30	25.70	26.10	26.10	38.90	2.30	0.00	0.00
58.90	28.40	25.60	26.00	26.00	39.10	2.30	0.00	0.00
59.00	28.20	25.60	26.00	26.10	39.10	2.30	0.00	0.00
59.10	28.20	25.60	26.00	26.10	38.70	2.10	0.00	0.00
59.20	28.30	25.70	26.10	26.10	38.70	2.10	0.00	0.00
59.30	28.30	25.80	26.20	26.20	38.60	2.00	0.00	0.00
59.40	28.30	25.80	26.20	26.20	38.90	2.60	0.00	0.00
59.50	28.30	25.70	26.10	26.20	38.30	2.40	0.00	0.00
59.60	28.40	25.80	26.30	26.20	38.60	2.00	0.00	0.00
59.70	28.40	25.80	26.30	26.20	38.40	2.30	0.00	0.00
59.80	28.30	25.70	26.10	26.10	38.90	2.10	0.00	0.00
59.90	28.20	25.60	26.00	26.10	38.90	2.10	0.00	0.00
60.00	28.20	25.60	26.00	26.10	39.70	2.00	0.01	0.00
60.10	28.10	25.70	26.00	26.10	37.40	2.10	0.01	0.00
60.20	28.20	25.70	26.10	26.20	38.70	1.80	0.00	0.00
60.30	28.20	25.70	26.10	26.20	38.90	2.10	0.00	0.00
60.40	28.10	25.70	26.10	26.20	38.90	2.10	0.00	0.00
60.50	28.20	25.60	26.00	26.20	38.70	2.30	0.00	0.00
60.60	28.20	25.60	26.00	26.20	38.90	2.10	0.01	0.00
60.70	28.10	25.70	26.20	26.00	38.90	1.70	0.01	0.00
60.80	28.10	25.70	26.20	26.00	38.90	1.70	0.01	0.00
60.90	28.20	25.70	26.10	26.10	39.40	2.30	0.01	0.00
61.00	28.20	25.70	26.10	26.10	38.70	2.00	0.01	0.00
61.10	28.20	25.70	26.10	26.10	38.90	2.30	0.02	0.00
61.20	28.20	25.70	26.20	26.20	39.10	2.30	0.01	0.00
61.30	28.20	25.70	26.20	26.20	38.70	2.10	0.01	0.00
61.40	28.00	25.60	26.10	26.10	39.10	2.70	0.01	0.00
61.50	28.00	25.70	26.10	26.10	38.90	2.30	0.01	0.00
61.60	28.00	25.70	26.10	26.10	38.70	2.10	0.01	0.00
61.70	28.10	25.70	26.20	26.30	38.70	2.30	0.01	0.00
61.80	28.10	25.70	26.20	26.10	38.70	2.30	0.01	0.00
61.90	28.10	25.70	26.20	26.10	38.70	2.30	0.01	0.00
62.00	28.00	25.70	25.90	26.10	38.90	2.10	0.02	0.00
62.10	28.00	25.70	26.10	26.20	38.70	2.00	0.02	0.00
62.20	28.00	25.70	26.10	26.20	38.70	2.40	0.01	0.00
62.30	28.20	25.80	26.10	26.20	38.60	2.40	0.01	0.00
62.40	28.00	25.60	26.00	26.10	38.40	2.40	0.01	0.00
62.50	28.00	25.60	26.00	26.10	38.70	2.00	0.01	0.00
62.60	28.10	25.80	26.20	26.10	38.90	2.10	0.01	0.00
62.70	28.00	25.60	26.10	26.00	38.90	2.10	0.01	0.00
62.80	28.00	25.60	26.10	26.00	38.60	3.50	0.01	0.00
62.90	27.90	25.70	26.00	26.10	38.90	2.30	0.01	0.00
63.00	27.90	25.70	26.00	26.10	38.70	2.10	0.02	0.00
63.10	27.90	25.70	26.10	26.30	38.30	2.10	0.02	0.00
63.20	27.90	25.60	26.00	26.10	38.90	2.00	0.02	0.00
63.30	27.90	25.60	26.00	26.10	38.70	2.40	0.01	0.00
63.40	28.00	25.70	26.20	26.10	39.50	2.00	0.01	0.00
63.50	28.00	25.70	26.20	26.10	38.60	1.80	0.01	0.00
63.60	28.00	25.70	26.20	26.10	38.70	2.30	0.01	0.00
63.70	28.20	25.80	26.20	26.30	38.70	2.30	0.01	0.00
63.80	28.20	25.80	26.20	26.30	38.70	2.30	0.02	0.00
63.90	27.90	25.70	26.10	26.30	38.90	2.40	0.02	0.00
64.00	27.90	25.80	26.10	26.20	38.60	2.30	0.02	0.00
64.10	27.80	25.70	26.10	26.20	38.70	2.40	0.02	0.00
64.20	27.80	25.70	26.10	26.20	38.60	2.30	0.02	0.00
64.30	27.90	25.80	26.10	26.20	38.90	2.40	0.01	0.00
64.40	27.90	25.80	26.10	26.20	38.60	2.10	0.01	0.00
64.50	27.90	25.70	26.10	26.10	38.60	3.30	0.01	0.00
64.60	28.00	25.60	26.20	26.20	39.10	2.30	0.01	0.00
64.70	28.00	25.60	26.20	26.20	38.60	2.40	0.02	0.00
64.80	27.80	25.60	26.00	26.20	38.70	2.10	0.02	0.00
64.90	27.90	25.60	26.10	26.20	39.10	2.30	0.02	0.00
65.00	27.90	25.60	26.10	26.20	38.90	1.70	0.02	0.00
65.10	28.00	25.90	26.10	26.20	38.90	2.30	0.02	0.00
65.20	28.00	25.90	26.10	26.20	38.60	2.30	0.02	0.00
65.30	27.80	25.70	26.10	26.10	38.70	2.00	0.01	0.00
65.40	27.80	25.60	26.10	26.10	39.80	2.30	0.01	0.00
65.50	27.80	25.60	26.10	26.10	38.40	2.40	0.01	0.00
65.60	27.80	25.80	26.10	26.20	38.40	2.40	0.01	0.00
65.70	27.80	25.70	26.00	26.20	39.10	2.40	0.01	0.00
65.80	27.80	25.70	26.00	26.20	38.40	2.00	0.02	0.00
65.90	27.90	25.70	26.20	26.20	39.20	1.80	0.02	0.00
66.00	27.90	25.70	26.20	26.20	38.40	2.00	0.02	0.00
66.10	27.70	25.60	26.10	26.20	38.70	2.30	0.02	0.00
66.20	27.90	25.70	26.10	26.20	38.90	2.30	0.02	0.00
66.30	27.90	25.70	26.10	26.20	38.30	2.30	0.02	0.00
66.40	27.80	25.70	26.10	26.20	38.70	2.10	0.01	0.00
66.50	27.80	25.80	26.20	26.20	38.60	2.10	0.01	0.00
66.60	27.80	25.80	26.20	26.20	38.60	2.10	0.01	0.00
66.70	27.60	25.70	26.10	26.10	38.60	2.10	0.01	0.00
66.80	27.80	25.70	26.20	26.20	38.70	2.40	0.02	0.00
66.90	27.80	25.70	26.20	26.20	38.90	2.00	0.02	0.00
67.00	27.80	25.70	26.20	26.20	39.10	2.00	0.02	0.00
67.10	27.70	25.60	26.10	26.10	39.10	2.40	0.02	0.00
67.20	27.70	25.60	26.10	26.10	38.60	2.40	0.02	0.00
67.30	27.70	25.60	26.10	26.10	38.60	2.10	0.02	0.00
67.40	27.80	25.80	26.10	26.20	38.70	2.60	0.01	0.00
67.50	27.80	25.80	26.10	26.20	38.70	2.60	0.01	0.00
67.60	27.70	25.60	26.10	26.30	38.70	2.10	0.01	0.00
67.70	27.80	25.70	26.20	26.20	38.70	2.40	0.01	0.00
67.80	27.80	25.70	26.20	26.20	38.60	2.10	0.01	0.00
67.90	27.80	25.60	26.10	26.20	38.60	2.00	0.02	0.00
68.00	27.80	25.80	26.10	26.20	38.70	2.00	0.02	0.00
68.10	27.80	25.80	26.10	26.20	38.90	2.40	0.02	0.00
68.20	27.60	25.80	26.30	26.20	38.60	2.40	0.02	0.00
68.30	27.80	25.80	26.30	26.40	39.10	2.30	0.02	0.00
68.40	27.80	25.80	26.30	26.40	39.10	2.30	0.01	0.00
68.50	27.70	25.70	26.10	26.20	38.90	2.30	0.01	0.00
68.60	27.70	25.60	26.00	26.10	38.90	2.10	0.01	0.00
68.70	27.70	25.60	26.00	26.10	38.70	2.40	0.01	0.00
68.80	27.60	25.70	26.00	26.10	38.70	2.00	0.01	0.00
68.90	27.60	25.70	26.00	26.10	38.70	2.30	0.02	0.00
69.00	27.50	25.60	26.10	26.30	38.70	2.00	0.02	0.00
69.10	27.60	25.50	26.10	26.10	38.40	1.80	0.02	0.00
69.20	27.60	25.50	26.10	26.10	38.70	2.30	0.02	0.00
69.30	27.70	25.70	26.10	26.20	38.70	2.30	0.02	0.00
69.40	27.60	25.70	26.10	26.10	38.90	2.10	0.02	0.00
69.50	27.60	25.70	26.10	26.10	38.60	2.40	0.01	0.00
69.60	27.60	25.60	26.10	26.20	38.70	2.30	0.01	0.00
69.70	27.60	25.60	26.10	26.20	39.10	2.10	0.01	0.00
69.80	27.60	25.70	26.10	26.20	38.40	2.40	0.01	0.00
69.90	27.70	25.70	26.20	26.10	38.70	2.30	0.02	0.00
70.00	27.70	25.70	26.20	26.10	38.70	2.60	0.02	0.00
70.10	27.60	25.70	26.20	26.20	38.30	2.40	0.02	0.00
70.20	27.60	25.70	26.20	26.20	38.90	2.10	0.02	0.00
70.30	27.70	25.90	26.20	26.30	38.90	2.10	0.02	0.00
70.40	27.40	25.70	26.00	26.20	38.70	2.40	0.02	0.00
70.50	27.40	25.70	26.00	26.20	38.90	3.30	0.01	0.00
70.60	27.70	25.70	26.20	26.20	38.70	2.40	0.01	0.00
70.70	27.70	25.70	26.20	26.30	38.60	1.80	0.01	0.00
70.80	27.70	25.70	26.20	26.30	38.30	2.10	0.01	0.00
70.90	27.60	25.70	26.10	26.10	38.70	2.10	0.01	0.00
71.00	27.60	25.70	26.10	26.00	38.60	2.60	0.01	0.00
71.10	27.60	25.70	26.10	26.00	39.10	2.00	0.01	0.00
71.20	27.60	25.80	26.20	26.20	39.10	2.00	0.02	0.00
71.30	27.60	25.70	26.20	26.20	38.70	2.60	0.02	0.00
71.40	27.60	25.70	26.20	26.20	38.40	1.80	0.02	0.00
71.50	27.60	25.60	26.20	26.30	38.60	2.10	0.01	0.00
71.60	27.60	25.70	26.10	26.10	38.40	2.30	0.01	0.00
71.70	27.60	25.70	26.10	26.10	38.60	2.30	0.01	0.00
71.80	27.60	25.70	26.10	26.20	38.60	2.00	0.01	0.00
71.90	27.50	25.70	26.10	26.10	38.70	2.00	0.01	0.00
72.00	27.50	25.70	26.10	26.10	38.70	2.60	0.01	0.00
72.10	27.60	25.70	26.20	26.20	38.70	2.60	0.02	0.00
72.20	27.40	25.70	26.00	26.00	38.60	2.10	0.02	0.00
72.30	27.40	25.70	26.00	26.00	38.70	2.10	0.02	0.00
72.40	27.50	25.70	26.10	26.20	38.40	2.40	0.02	0.00
72.50	27.50	25.60	26.10	26.10	38.70	2.10	0.01	0.00
72.60	27.50	25.60	26.10	26.10	39.10	2.00	0.01	0.00
72.70	27.50	25.70	26.20	26.10	38.70	2.30	0.01	0.00
72.80	27.50	25.70	26.10	26.20	38.00	2.00	0.01	0.00
72.90	27.50	25.70	26.10	26.20	38.60	2.30	0.01	0.00
73.00	27.60	25.70	26.10	26.20	38.70	2.10	0.01	0.00
73.10	27.50	25.70	26.20	26.20	38.70	2.10	0.01	0.00
73.20	27.50	25.70	26.20	26.20	38.40	1.80	0.01	0.00
73.30	27.60	25.60	26.20	26.00	39.10	2.60	0.02	0.00
73.40	27.60	25.80	26.20	26.20	38.70	2.30	0.02	0.00
73.50	27.60	25.80	26.20	26.20	39.10	2.30	0.02	0.00
73.60	27.50	25.80	26.10	26.20	38.70	2.00	0.01	0.00
73.70	27.50	25.80	26.10	26.20	38.60	2.10	0.01	0.00
73.80	27.50	25.70	26.10	26.10	38.40	2.30	0.01	0.00
73.90	27.50	25.70	26.10	26.20	38.90	2.30	0.01	0.00
74.00	27.50	25.70	26.10	26.20	38.90	2.30	0.01	0.00
74.10	27.50	25.70	26.00	26.10	38.60	2.30	0.01	0.00
74.20	27.40	25.60	26.10	26.00	38.70	2.40	0.02	0.00
74.30	27.40	25.60	26.10	26.00	38.90	2.00	0.02	0.00
74.40	27.40	25.60	26.10	26.10	38.60	2.40	0.02	0.00
74.50	27.40	25.60	26.10	26.10	38.70	2.10	0.01	0.00
74.60	27.50	25.80	26.20	26.20	39.10	2.00	0.01	0.00
74.70	27.40	25.70	26.10	26.20	38.90	2.60	0.01	0.00
74.80	27.50	25.90	26.20	26.30	38.40	2.00	0.01	0.00
74.90	27.50	25.90	26.20	26.30	38.60	2.30	0.01	0.00
75.00	27.40	25.70	26.20	26.10	38.60	2.30	0.01	0.00
75.10	27.40	25.70	26.20	26.10	39.20	2.10	0.01	0.00
75.20	27.50	25.70	26.10	26.20	38.30	2.30	0.01	0.00
75.30	27.50	25.70	26.10	26.10	38.70	2.30	0.01	0.00
75.40	27.50	25.70	26.10	26.10	38.70	2.00	0.02	0.00
75.50	27.50	25.80	26.20	26.20	38.60	2.30	0.01	0.00
75.60	27.40	25.60	26.10	26.10	39.10	0.40	0.01	0.00
75.70	27.40	25.60	26.10	26.10	38.60	2.30	0.01	0.00
75.80	27.30	25.60	26.00	26.10	38.90	2.40	0.01	0.00
75.90	27.50	25.80	26.20	26.10	38.40	2.40	0.01	0.00
76.00	27.50	25.80	26.20	26.10	38.40	2.40	0.01	0.00
76.10	27.40	25.70	25.90	26.00	39.10	2.30	0.01	0.00
76.20	27.30	25.40	25.90	25.90	38.70	2.30	0.01	0.00
76.30	27.30	25.40	25.90	25.90	38.40	2.60	0.01	0.00
76.40	27.40	25.70	26.20	26.30	38.40	2.30	0.01	0.00
76.50	27.60	25.90	26.20	26.40	38.70	2.10	0.02	0.00
76.60	27.60	25.90	26.20	26.40	38.70	2.10	0.01	0.00
76.70	27.40	25.60	26.10	26.20	38.60	1.80	0.01	0.00
76.80	27.50	25.70	26.20	26.30	39.10	2.30	0.01	0.00
76.90	27.50	25.70	26.20	26.30	39.10	2.30	0.01	0.00
77.00	27.40	25.70	26.10	26.20	38.60	2.30	0.01	0.00
77.10	27.40	25.70	26.10	26.30	38.70	0.60	0.01	0.00
77.20	27.40	25.70	26.10	26.30	39.10	2.40	0.01	0.00
77.30	27.30	25.80	26.10	26.20	38.70	2.30	0.01	0.00
77.40	27.40	25.70	26.10	26.10	38.90	2.40	0.01	0.00
77.50	27.40	25.70	26.10	26.10	38.70	2.00	0.01	0.00
77.60	27.30	25.60	26.10	26.20	38.90	2.70	0.01	0.00
77.70	27.40	25.70	26.20	26.10	38.70	2.00	0.01	0.00
77.80	27.40	25.70	26.20	26.10	38.70	2.30	0.01	0.00
77.90	27.30	25.70	26.10	26.10	38.70	2.30	0.01	0.00
78.00	27.30	25.70	26.10	26.10	38.00	2.10	0.01	0.00
78.10	27.40	25.70	26.10	26.10	38.40	2.10	0.01	0.00
78.20	27.40	25.80	26.30	26.30	38.60	2.10	0.01	0.00
78.30	27.40	25.80	26.30	26.30	37.50	2.30	0.01	0.00
78.40	27.40	25.80	26.20	26.30	38.90	2.00	0.01	0.00
78.50	27.40	25.70	26.10	26.20	38.90	2.30	0.01	0.00
78.60	27.40	25.70	26.10	26.20	39.20	2.00	0.01	0.00
78.70	27.20	25.60	26.10	26.10	38.90	2.10	0.01	0.00
78.80	27.40	25.80	26.30	26.30	38.90	2.10	0.00	0.00
78.90	27.40	25.80	26.30	26.30	38.70	2.30	0.00	0.00
79.00	27.40	25.70	26.10	26.20	39.40	2.30	0.01	0.00
79.10	27.40	25.70	26.10	26.30	38.40	2.40	0.01	0.00
79.20	27.40	25.70	26.10	26.30	38.90	2.00	0.01	0.00
79.30	27.30	25.70	26.00	26.10	38.60	2.40	0.01	0.00
79.40	27.30	25.60	26.10	26.10	38.70	2.00	0.01	0.00
79.50	27.30	25.60	26.10	26.10	38.70	2.10	0.01	0.00
79.60	27.20	25.70	26.10	26.20	39.10	2.10	0.01	0.00
79.70	27.40	25.70	26.30	26.20	38.70	2.40	0.01	0.00
79.80	27.40	25.70	26.30	26.20	38.70	2.40	0.01	0.00
79.90	27.30	25.70	26.10	26.30	38.70	2.40	0.01	0.00
80.00	27.30	25.70	26.10	26.00	38.90	2.60	0.01	0.00
80.10	27.30	25.70	26.10	26.00	38.60	2.60	0.01	0.00
80.20	27.30	25.60	26.10	26.20	38.70	2.40	0.01	0.00
80.30	27.30	25.60	26.10	26.20	39.10	2.10	0.01	0.00
80.40	27.40	25.70	26.20	26.30	38.60	2.60	0.01	0.00
80.50	27.30	25.80	26.20	26.20	38.60	2.30	0.01	0.00
80.60	27.30	25.80	26.20	26.20	38.70	2.00	0.01	0.00
80.70	27.30	25.60	26.10	26.20	38.70	2.00	0.01	0.00
80.80	27.30	25.60	26.10	26.10	39.20	1.50	0.00	0.00
80.90	27.30	25.60	26.10	26.10	38.90	1.80	0.00	0.00
81.00	27.40	25.70	26.00	26.30	38.70	2.40	0.00	0.00
81.10	27.30	25.60	26.20	26.10	38.60	2.10	0.00	0.00
81.20	27.30	25.60	26.20	26.10	38.90	1.80	0.01	0.00
81.30	27.20	25.60	26.00	26.20	38.70	2.40	0.01	0.00
81.40	27.40	25.80	26.20	26.30	38.90	2.40	0.01	0.00
81.50	27.40	25.80	26.20	26.30	38.70	2.30	0.01	0.00
81.60	27.30	25.60	26.30	26.20	38.70	2.10	0.01	0.00
81.70	27.30	25.70	26.10	26.10	38.70	2.10	0.01	0.00
81.80	27.30	25.70	26.10	26.10	38.60	2.10	0.00	0.00
81.90	27.20	25.60	26.10	26.10	38.90	2.30	0.00	0.00
82.00	27.30	25.70	26.20	26.20	38.60	2.30	0.00	0.00
82.10	27.30	25.70	26.20	26.20	38.70	2.10	0.00	0.00
82.20	27.30	25.70	26.20	26.20	38.70	1.80	0.00	0.00
82.30	27.30	25.70	26.20	26.20	38.70	2.10	0.00	0.00
82.40	27.30	25.70	26.20	26.20	38.60	2.10	0.01	0.00
82.50	27.30	25.70	26.10	26.20	38.60	2.00	0.01	0.00
82.60	27.30	25.70	26.10	26.20	38.60	2.00	0.01	0.00
82.70	27.20	25.60	26.20	26.20	38.60	2.40	0.01	0.00
82.80	27.20	25.60	26.20	26.20	38.70	2.40	0.00	0.00
82.90	27.30	25.70	26.10	26.20	38.70	2.10	0.00	0.00
83.00	27.40	25.70	26.10	26.30	38.60	2.40	0.00	0.00
83.10	27.40	25.70	26.10	26.30	38.40	2.10	0.00	0.00
83.20	27.20	25.50	26.10	26.10	38.40	2.10	0.01	0.00
83.30	27.20	25.50	26.10	26.10	39.10	2.40	0.01	0.00
83.40	27.30	25.70	26.20	26.20	38.90	2.00	0.01	0.00
83.50	27.10	25.70	26.10	26.20	38.90	2.00	0.01	0.00
83.60	27.10	25.70	26.10	26.20	38.70	2.30	0.01	0.00
83.70	27.20	25.70	26.20	26.20	38.40	2.00	0.01	0.00
83.80	27.20	25.70	26.10	26.10	38.60	2.60	0.00	0.00
83.90	27.20	25.60	26.00	26.10	38.60	2.30	0.00	0.00
84.00	27.20	25.60	26.00	26.10	38.40	2.40	0.00	0.00
84.10	27.20	25.70	26.00	26.20	38.70	2.10	0.00	0.00
84.20	27.20	25.70	26.00	26.20	38.60	1.80	0.00	0.00
84.30	27.20	25.80	26.10	26.10	38.90	2.40	0.00	0.00
84.40	27.30	25.70	26.20	26.20	38.90	2.30	0.00	0.00
84.50	27.30	25.70	26.20	26.20	38.90	2.30	0.01	0.00
84.60	27.30	25.70	26.10	26.10	39.10	2.40	0.01	0.00
84.70	27.20	25.70	26.10	26.20	38.60	2.10	0.00	0.00
84.80	27.20	25.70	26.10	26.20	38.90	2.30	0.00	0.00
84.90	27.20	25.70	26.10	26.20	38.70	2.30	0.00	0.00
85.00	27.10	25.60	26.00	26.10	38.70	1.80	0.00	0.00
85.10	27.10	25.60	26.00	26.10	38.60	2.00	0.00	0.00
85.20	27.30	25.70	26.10	26.20	38.70	2.30	0.00	0.00
85.30	27.10	25.70	26.00	26.10	39.40	2.10	0.00	0.00
85.40	27.10	25.70	26.00	26.10	39.40	2.10	0.00	0.00
85.50	27.30	25.80	26.30	26.30	38.60	2.90	0.00	0.00
85.60	27.20	25.70	26.20	26.10	37.20	2.10	0.00	0.00
85.70	27.20	25.70	26.20	26.10	38.60	2.10	0.00	0.00
85.80	27.20	25.80	26.20	26.20	38.70	2.00	0.00	0.00
85.90	27.20	25.70	26.10	26.20	38.70	2.00	0.00	0.00
86.00	27.20	25.70	26.10	26.20	38.70	2.10	0.00	0.00
86.10	27.30	25.80	26.10	26.20	38.90	2.10	0.00	0.00
86.20	27.20	25.60	26.10	26.10	38.60	2.10	0.00	0.00
86.30	27.20	25.60	26.10	26.10	38.70	2.30	0.00	0.00
86.40	27.20	25.70	26.20	26.30	38.70	2.30	0.00	0.00
86.50	27.10	25.80	26.10	26.20	38.90	1.80	0.00	0.00
86.60	27.10	25.80	26.10	26.20	38.40	2.10	0.00	0.00
86.70	27.20	25.70	26.10	26.20	38.40	2.40	0.00	0.00
86.80	27.20	25.80	26.20	26.10	38.60	2.30	0.00	0.00
86.90	27.20	25.80	26.20	26.10	38.60	2.00	0.00	0.00
87.00	27.10	25.70	26.10	26.20	38.60	2.40	0.00	0.00
87.10	27.10	25.70	26.10	26.20	38.40	2.30	0.00	0.00
87.20	27.10	25.70	26.20	26.10	38.90	2.30	0.00	0.00
87.30	27.20	25.80	26.20	26.30	38.90	2.30	0.00	0.00
87.40	27.20	25.80	26.20	26.30	38.40	2.10	0.00	0.00
87.50	27.20	25.70	26.20	26.30	38.90	2.00	0.00	0.00
87.60	27.20	25.70	26.20	26.20	38.40	2.40	0.00	0.00
87.70	27.20	25.70	26.20	26.20	39.20	2.30	0.00	0.00
87.80	27.20	25.70	26.00	26.10	38.70	3.30	0.00	0.00
87.90	27.10	25.70	26.10	26.10	38.70	2.40	0.00	0.00
88.00	27.10	25.70	26.10	26.10	38.60	2.60	0.00	0.00
88.10	27.20	25.70	26.10	26.20	38.70	2.00	0.00	0.00
88.20	27.10	25.60	26.10	26.20	38.70	2.00	0.00	0.00
88.30	27.10	25.60	26.10	26.20	38.90	2.00	0.00	0.00
88.40	27.20	25.90	26.20	26.30	38.90	2.00	0.00	0.00
88.50	27.20	25.70	26.10	26.20	38.60	2.10	0.00	0.00
88.60	27.20	25.70	26.10	26.20	38.70	2.30	0.00	0.00
88.70	27.10	25.70	26.10	26.10	38.70	2.10	0.00	0.00
88.80	27.30	25.70	26.10	26.30	38.30	2.90	0.00	0.00
88.90	27.30	25.70	26.10	26.30	38.70	2.30	0.00	0.00
89.00	27.10	25.80	26.20	26.20	38.90	2.30	0.00	0.00
89.10	27.10	25.80	26.20	26.20	38.60	2.00	0.00	0.00
89.20	27.30	25.80	26.20	26.30	38.60	2.00	0.00	0.00
89.30	27.10	25.60	26.10	26.20	38.70	2.60	0.00	0.00
89.40	27.10	25.60	26.10	26.20	38.60	2.10	0.00	0.00
89.50	27.20	25.80	26.20	26.20	38.60	2.10	0.00	0.00
89.60	27.10	25.70	26.10	26.10	38.70	2.00	0.00	0.00
89.70	27.10	25.70	26.10	26.10	38.60	2.10	0.00	0.00
89.80	27.20	25.70	26.10	26.30	38.60	2.00	0.00	0.00
89.90	27.10	25.70	26.00	26.10	38.70	2.10	0.00	0.00
90.00	27.10	25.70	26.00	26.10	38.60	2.00	0.00	0.00
90.10	27.20	25.70	26.10	26.30	38.60	2.00	0.00	0.00
90.20	27.20	25.80	26.30	26.30	38.70	2.30	0.00	0.00
90.30	27.20	25.80	26.30	26.30	38.70	2.30	0.00	0.00
90.40	27.10	25.80	26.10	26.20	38.70	2.40	0.00	0.00
90.50	27.20	25.70	26.30	26.40	38.90	2.30	0.00	0.00
90.60	27.20	25.70	26.30	26.40	38.90	2.00	0.00	0.00
90.70	27.20	25.80	26.10	26.20	38.90	1.70	0.00	0.00
90.80	27.10	25.70	26.20	26.10	38.70	2.00	0.00	0.00
90.90	27.10	25.70	26.20	26.10	38.70	2.30	0.00	0.00
91.00	27.10	25.70	26.10	26.30	38.60	2.30	0.00	0.00
91.10	27.00	25.70	26.10	26.10	38.60	2.30	0.00	0.00
91.20	27.00	25.70	26.10	26.10	38.70	2.70	0.00	0.00
91.30	27.10	25.70	26.10	26.20	38.70	2.10	0.00	0.00
91.40	27.10	25.70	26.10	26.20	38.60	2.10	0.00	0.00
91.50	27.20	25.70	26.20	26.30	38.70	2.40	0.00	0.00
91.60	27.20	25.70	26.20	26.20	38.70	2.00	0.00	0.00
91.70	27.20	25.70	26.20	26.20	38.60	2.30	0.00	0.00
91.80	27.10	25.70	26.10	26.10	38.30	2.10	0.00	0.00
91.90	27.20	25.80	26.20	26.10	38.60	2.30	0.00	0.00
92.00	27.20	25.80	26.20	26.10	38.60	2.30	0.00	0.00
92.10	27.00	25.50	26.10	26.10	38.60	2.40	0.00	0.00
92.20	27.10	25.80	26.10	26.20	39.20	2.00	0.00	0.00
92.30	27.10	25.80	26.10	26.20	38.60	2.10	0.00	0.00
92.40	27.00	25.80	26.20	26.20	38.60	2.40	0.00	0.00
92.50	27.20	25.80	26.10	26.30	38.70	2.10	0.00	0.00
92.60	27.20	25.80	26.10	26.30	38.70	2.60	0.00	0.00
92.70	27.10	25.70	26.10	26.10	38.70	2.00	0.00	0.00
92.80	27.00	25.70	26.20	26.10	39.10	2.10	0.00	0.00
92.90	27.00	25.70	26.20	26.10	38.60	3.20	0.00	0.00
93.00	27.20	25.70	26.20	26.40	39.10	2.10	0.00	0.00
93.10	27.20	25.70	26.20	26.40	38.90	2.30	0.00	0.00
93.20	27.20	25.70	26.10	26.20	38.60	2.10	0.00	0.00
93.30	27.20	25.80	26.30	26.20	38.70	2.40	0.00	0.00
93.40	27.20	25.80	26.30	26.20	38.90	2.40	0.00	0.00
93.50	27.20	25.70	26.20	26.30	38.60	2.10	0.00	0.00
93.60	27.10	25.80	26.30	26.10	38.90	2.10	0.00	0.00
93.70	27.10	25.80	26.30	26.10	38.90	2.30	0.00	0.00
93.80	27.10	25.80	26.00	26.10	38.70	2.40	0.00	0.00
93.90	27.10	25.70	26.10	26.20	38.70	2.40	0.00	0.00
94.00	27.10	25.70	26.10	26.20	38.10	2.60	0.00	0.00
94.10	27.10	25.70	26.20	26.10	38.40	2.40	0.00	0.00
94.20	27.10	25.70	26.20	26.10	38.70	2.10	0.00	0.00
94.30	27.20	25.80	26.10	26.30	38.70	2.10	0.00	0.00
94.40	27.00	25.60	26.10	26.20	38.60	2.30	0.00	0.00
94.50	27.00	25.60	26.10	26.20	38.90	2.00	0.00	0.00
94.60	27.10	25.70	26.10	26.10	38.70	2.40	0.00	0.00
94.70	27.00	25.70	26.00	26.10	38.60	2.90	0.00	0.00
94.80	27.00	25.70	26.00	26.10	38.60	2.90	0.00	0.00
94.90	27.00	25.70	26.10	26.20	38.60	1.70	0.00	0.00
95.00	27.00	25.70	26.10	26.20	38.60	2.60	0.00	0.00
95.10	27.00	25.80	26.10	26.20	38.70	2.00	0.00	0.00
95.20	27.00	25.60	26.10	26.10	38.70	1.70	0.00	0.00
95.30	27.00	25.60	26.10	26.10	38.90	2.30	0.00	0.00
95.40	27.10	25.70	26.10	26.20	38.40	1.70	0.00	0.00
95.50	27.30	25.70	26.10	26.20	38.90	2.00	0.00	0.00
95.60	27.30	25.70	26.10	26.20	38.70	2.30	0.00	0.00
95.70	27.10	25.70	26.20	26.20	38.70	2.10	0.00	0.00
95.80	27.10	25.70	26.20	26.20	38.70	2.10	0.00	0.00
95.90	27.10	25.70	26.20	26.20	39.10	2.00	0.00	0.00
96.00	27.00	25.80	26.10	26.20	39.10	2.10	0.00	0.00
96.10	27.10	25.70	26.20	26.20	38.70	2.60	0.00	0.00
96.20	27.10	25.70	26.20	26.20	38.90	2.10	0.00	0.00
96.30	27.00	25.60	26.10	26.20	38.60	2.00	0.00	0.00
96.40	27.10	25.70	26.20	26.20	38.90	2.30	0.00	0.00
96.50	27.10	25.70	26.20	26.20	38.30	2.40	0.00	0.00
96.60	27.00	25.70	26.10	26.20	38.70	2.30	0.00	0.00
96.70	27.00	25.70	26.10	26.10	38.70	2.30	0.00	0.00
96.80	27.00	25.70	26.10	26.10	38.90	2.10	0.00	0.00
96.90	27.00	25.60	26.10	26.00	38.70	2.40	0.00	0.00
97.00	26.90	25.60	26.10	26.10	38.90	2.30	0.00	0.00
97.10	26.90	25.60	26.10	26.10	38.70	2.30	0.00	0.00
97.20	27.00	25.60	26.10	26.10	38.70	2.40	0.00	0.00
97.30	27.00	25.60	26.10	26.20	38.60	2.30	0.00	0.00
97.40	27.00	25.60	26.10	26.20	38.90	2.40	0.00	0.00
97.50	27.00	25.70	26.10	26.10	38.40	2.40	0.00	0.00
97.60	27.10	25.80	26.10	26.10	38.40	2.40	0.00	0.00
97.70	27.10	25.80	26.10	26.10	38.30	2.00	0.00	0.00
97.80	27.00	25.60	26.10	26.10	37.10	2.00	0.00	0.00
97.90	26.90	25.70	26.10	26.10	38.90	2.00	0.00	0.00
98.00	26.90	25.70	26.10	26.10	38.60	2.10	0.00	0.00
98.10	27.00	25.70	26.10	26.00	38.70	1.00	0.00	0.00
98.20	26.90	25.60	26.00	26.20	38.60	2.30	0.00	0.00
98.30	26.90	25.60	26.00	26.20	38.70	2.00	0.00	0.00
98.40	27.00	25.60	26.20	26.20	38.60	2.40	0.00	0.00
98.50	27.00	25.70	26.10	26.00	38.60	2.40	0.00	0.00
98.60	27.00	25.70	26.10	26.00	38.60	2.10	0.00	0.00
98.70	27.00	25.70	26.00	26.10	38.90	2.40	0.00	0.00
98.80	27.20	25.70	26.10	26.10	38.90	2.00	0.00	0.00
98.90	27.20	25.70	26.10	26.10	38.60	2.00	0.00	0.00
99.00	27.00	25.80	26.20	26.20	38.90	2.40	0.00	0.00
99.10	27.00	25.90	26.20	26.30	38.70	2.10	0.00	0.00
99.20	27.00	25.90	26.20	26.30	38.70	2.30	0.00	0.00
99.30	27.00	25.70	26.10	26.10	38.60	2.30	0.00	0.00
99.40	26.90	25.70	26.10	26.10	38.70	2.60	0.00	0.00
99.50	26.90	25.70	26.10	26.10	38.70	2.60	0.00	0.00
99.60	27.10	25.60	26.20	26.00	38.40	2.60	0.00	0.00
99.70	26.90	25.70	26.10	26.00	38.60	2.10	0.00	0.00
99.80	26.90	25.70	26.10	26.00	38.40	2.40	0.00	0.00
99.90	27.00	25.70	26.10	26.10	38.60	2.30	0.00	0.00
100.00	27.10	25.70	26.10	26.10	38.40	2.00	0.00	0.00
100.10	27.10	25.70	26.10	26.10	38.60	2.30	0.00	0.00
100.20	27.00	25.60	26.00	26.10	38.70	2.40	0.00	0.00
100.30	27.00	25.60	26.00	26.10	38.90	2.30	0.00	0.00
100.40	27.00	25.80	26.20	26.20	38.90	2.30	0.00	0.00
100.50	27.10	25.70	26.20	26.10	37.20	2.40	0.00	0.00
100.60	26.80	25.70	26.10	26.00	38.30	2.30	0.00	0.00
100.70	26.80	25.70	26.10	26.00	39.10	2.10	0.00	0.00
100.80	27.00	25.80	26.20	26.20	38.60	2.10	0.00	0.00
100.90	26.90	25.70	26.10	26.10	38.30	2.40	0.00	0.00
101.00	26.90	25.70	26.10	26.10	38.60	2.10	0.00	0.00
101.10	27.00	25.70	26.10	26.10	38.90	2.30	0.00	0.00
101.20	27.10	25.80	26.20	26.10	38.60	2.40	0.00	0.00
101.30	27.10	25.80	26.20	26.10	38.60	2.40	0.00	0.00
101.40	27.00	25.80	26.20	26.20	39.10	2.10	0.00	0.00
101.50	27.00	25.70	26.00	26.20	38.40	2.10	0.00	0.00
101.60	27.00	25.70	26.00	26.20	38.40	2.10	0.00	0.00
101.70	27.00	25.70	26.10	26.10	38.60	2.40	0.00	0.00
101.80	27.00	25.70	26.10	26.10	38.70	2.10	0.00	0.00
101.90	26.90	25.60	26.10	26.10	38.60	2.60	0.00	0.00
102.00	27.10	25.70	26.30	26.30	38.60	2.10	0.00	0.00
102.10	27.10	25.70	26.30	26.30	38.60	2.30	0.00	0.00
102.20	27.10	25.70	26.20	26.20	38.60	2.30	0.00	0.00
102.30	27.10	25.90	26.20	26.30	38.70	2.40	0.00	0.00
102.40	26.90	25.70	26.10	26.10	38.60	2.30	0.00	0.00
102.50	26.90	25.70	26.10	26.10	38.60	2.10	0.00	0.00
102.60	27.00	25.70	26.10	25.90	38.30	2.30	0.00	0.00
102.70	26.90	25.70	26.10	26.10	38.70	2.10	0.00	0.00
102.80	26.90	25.70	26.10	26.10	38.60	2.30	0.00	0.00
102.90	27.00	25.80	26.30	26.20	38.90	2.00	0.00	0.00
103.00	27.00	25.80	26.30	26.20	38.70	1.80	0.00	0.00
103.10	26.90	25.60	26.10	26.00	38.70	2.10	0.00	0.00
103.20	27.00	25.80	26.10	26.10	38.70	2.10	0.00	0.00
103.30	27.00	25.80	26.10	26.10	38.90	2.10	0.00	0.00
103.40	26.90	25.70	26.00	26.20	38.70	2.10	0.00	0.00
103.50	26.90	25.60	26.00	26.10	38.70	2.10	0.00	0.00
103.60	26.90	25.60	26.00	26.10	38.70	2.40	0.00	0.00
103.70	26.90	25.60	26.00	26.10	38.60	2.30	0.00	0.00
103.80	27.10	25.70	26.20	26.20	38.70	2.00	0.00	0.00
103.90	27.10	25.70	26.20	26.20	38.70	2.10	0.00	0.00
104.00	27.10	25.80	26.20	26.20	38.90	2.30	0.00	0.00
104.10	27.10	25.80	26.20	26.20	38.90	2.30	0.00	0.00
104.20	26.90	25.70	26.10	26.00	39.10	2.60	0.00	0.00
104.30	27.00	25.80	26.10	26.20	38.40	2.10	0.00	0.00
104.40	27.00	25.80	26.10	26.20	39.20	2.40	0.00	0.00
104.50	27.00	25.70	26.10	26.20	38.60	2.40	0.00	0.00
104.60	27.10	25.70	26.20	26.10	38.30	2.00	0.00	0.00
104.70	27.10	25.70	26.20	26.10	38.60	2.90	0.00	0.00
104.80	26.90	25.50	26.10	26.00	38.70	2.10	0.00	0.00
104.90	26.90	25.50	26.10	26.00	38.70	2.00	0.00	0.00
105.00	27.10	25.80	26.20	26.20	38.60	2.30	0.00	0.00
105.10	27.00	25.70	26.00	26.10	38.90	2.30	0.00	0.00
105.20	27.00	25.70	26.00	26.10	38.90	2.40	0.00	0.00
105.30	27.00	25.60	26.00	26.30	38.60	2.30	0.00	0.00
105.40	26.90	25.70	26.10	26.00	38.70	2.30	0.00	0.00
105.50	26.90	25.70	26.10	26.00	38.70	2.30	0.00	0.00
105.60	26.90	25.70	26.20	26.20	38.70	2.10	0.00	0.00
105.70	27.00	25.70	26.10	26.10	38.60	2.40	0.00	0.00
105.80	27.00	25.70	26.10	26.10	38.90	2.30	0.00	0.00
105.90	27.00	25.80	26.10	26.10	38.40	2.30	0.00	0.00
106.00	26.90	25.80	26.10	26.00	38.40	2.30	0.00	0.00
106.10	26.90	25.80	26.10	26.00	38.60	2.10	0.00	0.00
106.20	27.00	25.60	26.00	26.10	38.90	0.40	0.00	0.00
106.30	26.90	25.70	26.20	26.10	38.70	2.30	0.00	0.00
106.40	26.90	25.70	26.20	26.10	38.60	2.30	0.00	0.00
106.50	27.00	25.70	26.20	26.20	38.90	2.10	0.00	0.00
106.60	26.90	25.70	26.10	26.20	38.70	2.00	0.00	0.00
106.70	26.90	25.70	26.10	26.20	38.90	2.10	0.00	0.00
106.80	27.20	25.70	26.10	26.10	38.90	2.40	0.00	0.00
106.90	27.20	25.70	26.10	26.10	38.90	2.40	0.00	0.00
107.00	27.00	25.70	26.20	26.20	39.10	2.60	0.00	0.00
107.10	26.90	25.70	26.00	26.20	38.60	2.40	0.00	0.00
107.20	26.90	25.70	26.00	26.20	38.90	2.40	0.00	0.00
107.30	27.00	25.70	26.10	26.20	38.90	2.10	0.00	0.00
107.40	26.90	25.80	26.20	26.10	38.60	2.10	0.00	0.00
107.50	26.90	25.80	26.20	26.10	38.90	2.70	0.00	0.00
107.60	26.90	25.70	26.00	26.20	38.70	2.30	0.00	0.00
107.70	26.90	25.70	26.20	26.30	38.40	2.30	0.00	0.00
107.80	26.90	25.70	26.20	26.30	38.60	2.60	0.00	0.00
107.90	26.90	25.80	26.20	26.20	38.60	2.60	0.00	0.00
108.00	26.90	25.80	26.20	26.20	38.60	2.30	0.00	0.00
108.10	26.90	25.80	26.10	26.10	38.70	2.40	0.00	0.00
108.20	27.00	25.70	26.00	26.00	38.40	1.80	0.00	0.00
108.30	27.00	25.70	26.00	26.00	38.60	2.40	0.00	0.00
108.40	27.00	25.70	26.10	26.10	38.70	2.10	0.00	0.00
108.50	26.90	25.60	26.10	26.10	38.70	2.00	0.00	0.00
108.60	26.90	25.60	26.10	26.10	38.60	1.80	0.00	0.00
108.70	26.90	25.70	26.10	26.20	38.70	2.00	0.00	0.00
108.80	27.00	25.90	26.20	26.20	38.70	2.00	0.00	0.00
108.90	27.00	25.90	26.20	26.20	38.60	2.10	0.00	0.00
109.00	26.90	25.70	26.10	26.00	38.60	2.00	0.00	0.00
109.10	26.90	25.70	26.00	26.20	38.70	2.40	0.00	0.00
109.20	26.90	25.70	26.00	26.20	38.60	2.10	0.00	0.00
109.30	26.90	25.60	26.10	26.00	38.40	2.30	0.00	0.00
109.40	26.90	25.70	26.10	26.20	38.70	2.10	0.00	0.00
109.50	26.90	25.70	26.10	26.20	39.10	2.30	0.00	0.00
109.60	27.00	25.70	26.20	26.20	38.60	1.80	0.00	0.00
109.70	26.90	25.70	26.10	26.20	38.60	1.80	0.00	0.00
109.80	26.90	25.70	26.10	26.20	38.60	2.30	0.00	0.00
109.90	26.90	25.70	26.10	26.20	38.90	2.30	0.00	0.00
110.00	26.90	25.90	26.20	26.20	37.20	1.30	0.00	0.00
110.10	26.90	25.90	26.20	26.20	38.60	2.30	0.00	0.00
110.20	26.90	25.70	26.20	26.20	38.60	2.40	0.00	0.00
110.30	27.00	25.80	26.20	26.30	38.60	2.10	0.00	0.00
110.40	27.00	25.80	26.20	26.30	38.40	2.30	0.00	0.00
110.50	26.90	25.80	26.10	26.20	39.10	2.30	0.00	0.00
110.60	27.00	25.80	26.10	26.20	38.90	2.10	0.00	0.00
110.70	27.00	25.80	26.10	26.20	38.90	2.10	0.00	0.00
110.80	26.90	25.80	26.10	26.20	38.90	2.10	0.00	0.00
110.90	26.90	25.70	26.10	26.10	38.70	2.10	0.00	0.00
111.00	26.90	25.70	26.10	26.10	38.60	2.60	0.00	0.00
111.10	27.00	25.80	26.10	26.20	38.90	2.00	0.00	0.00
111.20	26.90	25.80	26.10	26.30	38.90	2.10	0.00	0.00
111.30	26.90	25.80	26.10	26.30	38.60	2.00	0.00	0.00
111.40	26.90	25.70	26.10	26.20	38.60	2.30	0.00	0.00
111.50	27.00	25.70	26.20	26.20	38.70	2.10	0.00	0.00
111.60	27.00	25.70	26.20	26.20	38.70	2.10	0.00	0.00
111.70	27.00	25.70	26.10	26.10	38.60	2.30	0.00	0.00
111.80	27.00	25.80	26.20	26.30	38.90	2.30	0.00	0.00
111.90	27.00	25.80	26.20	26.30	38.70	2.00	0.00	0.00
112.00	26.80	25.70	26.00	26.00	38.70	2.40	0.00	0.00
112.10	27.00	25.80	26.10	26.20	38.70	2.40	0.00	0.00
112.20	27.00	25.80	26.10	26.20	38.70	1.80	0.00	0.00
112.30	26.80	25.70	26.10	26.10	38.60	2.00	0.00	0.00
112.40	26.80	25.70	26.10	26.10	38.70	2.10	0.00	0.00
112.50	26.90	25.70	26.20	26.10	38.70	2.10	0.00	0.00
112.60	27.00	25.90	26.30	26.30	38.40	2.00	0.00	0.00
112.70	27.00	25.90	26.30	26.30	38.60	2.10	0.00	0.00
112.80	27.00	25.80	26.20	26.10	38.60	2.10	0.00	0.00
112.90	26.80	25.70	26.10	26.10	38.60	2.30	0.00	0.00
113.00	26.80	25.70	26.10	26.10	38.70	2.10	0.00	0.00
113.10	26.90	25.80	26.20	26.20	38.90	2.30	0.00	0.00
113.20	26.80	25.70	26.20	26.10	38.60	2.60	0.00	0.00
113.30	26.80	25.70	26.20	26.10	38.60	2.10	0.00	0.00
113.40	26.90	25.80	26.10	26.10	38.60	2.10	0.00	0.00
113.50	26.90	25.80	26.20	26.20	38.30	2.10	0.00	0.00
113.60	26.90	25.80	26.20	26.20	38.90	2.40	0.00	0.00
113.70	27.00	25.70	26.20	26.00	38.90	2.30	0.00	0.00
113.80	27.00	25.70	26.20	26.00	38.40	2.10	0.00	0.00
113.90	26.90	25.70	26.20	26.30	38.60	2.30	0.00	0.00
114.00	27.00	25.70	26.10	26.10	38.40	2.40	0.00	0.00
114.10	27.00	25.70	26.10	26.10	38.40	2.60	0.00	0.00
114.20	26.90	25.90	26.20	26.00	38.40	2.30	0.00	0.00
114.30	27.00	25.80	26.10	26.10	38.70	2.40	0.00	0.00
114.40	27.00	25.80	26.10	26.10	38.70	2.40	0.00	0.00
114.50	26.90	25.80	26.00	26.20	39.80	2.00	0.00	0.00
114.60	26.90	25.80	26.00	26.20	38.40	2.30	0.00	0.00
114.70	27.00	25.70	26.10	26.20	38.40	2.70	0.00	0.00
114.80	26.80	25.60	26.20	26.00	38.90	2.10	0.00	0.00
114.90	26.80	25.60	26.20	26.00	38.70	2.60	0.00	0.00
115.00	26.90	25.70	26.20	26.10	38.70	2.00	0.00	0.00
115.10	26.90	25.70	26.20	26.10	38.40	2.10	0.00	0.00
115.20	26.90	25.70	26.10	26.10	38.60	2.30	0.00	0.00
115.30	26.80	25.60	26.00	26.00	38.60	2.00	0.00	0.00
115.40	26.80	25.60	26.00	26.00	38.60	2.30	0.00	0.00
115.50	26.90	25.60	26.10	26.10	38.10	2.10	0.00	0.00
115.60	27.00	25.80	26.20	26.20	38.60	2.30	0.00	0.00
115.70	27.00	25.80	26.20	26.20	38.60	2.10	0.00	0.00
115.80	27.00	25.70	26.10	26.20	38.90	2.30	0.00	0.00
115.90	27.00	25.80	26.20	26.10	38.90	2.30	0.00	0.00
116.00	27.00	25.80	26.20	26.10	38.60	2.40	0.00	0.00
116.10	26.90	25.70	26.20	26.20	38.60	2.00	0.00	0.00
116.20	26.90	25.70	26.20	26.10	38.70	2.10	0.00	0.00
116.30	26.90	25.70	26.20	26.10	38.70	2.10	0.00	0.00
116.40	27.00	25.80	26.20	26.20	38.90	2.90	0.00	0.00
116.50	27.00	25.80	26.20	26.20	38.90	2.10	0.00	0.00
116.60	26.90	25.70	26.10	26.10	38.60	2.40	0.00	0.00
116.70	26.80	25.80	26.20	26.10	39.10	2.30	0.00	0.00
116.80	26.80	25.80	26.20	26.10	38.40	2.10	0.00	0.00
116.90	26.90	25.70	26.10	26.20	38.40	2.10	0.00	0.00
117.00	26.90	25.70	26.20	26.10	38.60	2.30	0.00	0.00
117.10	26.90	25.70	26.20	26.10	38.70	1.70	0.00	0.00
117.20	26.90	25.60	26.10	26.10	38.70	1.70	0.00	0.00
117.30	26.90	25.70	26.10	26.10	39.10	2.40	0.00	0.00
117.40	26.90	25.70	26.10	26.10	38.70	2.30	0.00	0.00
117.50	27.00	25.70	26.30	26.10	38.90	2.60	0.00	0.00
117.60	27.00	25.80	26.10	26.20	38.60	2.30	0.00	0.00
117.70	27.00	25.80	26.10	26.20	38.70	2.10	0.00	0.00
117.80	27.00	25.70	26.20	26.10	38.60	2.00	0.00	0.00
117.90	27.00	25.70	26.20	26.10	38.90	2.30	0.00	0.00
118.00	26.90	25.70	26.10	26.10	39.10	2.40	0.00	0.00
118.10	26.90	25.80	26.10	26.10	38.40	2.10	0.00	0.00
118.20	26.90	25.80	26.10	26.10	38.60	2.90	0.00	0.00
118.30	26.90	25.60	26.10	26.10	38.60	2.40	0.00	0.00
118.40	27.00	25.80	26.20	26.20	38.70	2.30	0.00	0.00
118.50	27.00	25.80	26.20	26.20	38.60	2.30	0.00	0.00
118.60	26.90	25.80	26.10	26.10	38.60	2.00	0.00	0.00
118.70	26.90	25.70	26.20	26.10	39.10	2.30	0.00	0.00
118.80	26.90	25.70	26.20	26.10	38.70	2.10	0.00	0.00
118.90	26.90	25.70	26.10	26.10	38.60	2.30	0.00	0.00
119.00	27.00	25.80	26.20	26.30	38.90	2.30	0.00	0.00
119.10	27.00	25.80	26.20	26.30	38.90	2.30	0.00	0.00
119.20	27.00	25.80	26.20	26.20	38.60	2.30	0.00	0.00
119.30	27.00	25.80	26.10	26.20	38.60	1.70	0.00	0.00
119.40	27.00	25.80	26.10	26.20	38.40	2.40	0.00	0.00
119.50	27.00	25.90	26.20	26.20	38.60	3.00	0.00	0.00
119.60	27.00	25.80	26.10	26.30	38.60	2.00	0.00	0.00
119.70	27.00	25.80	26.10	26.30	38.70	2.00	0.00	0.00
119.80	27.00	25.80	26.10	26.20	38.60	2.30	0.00	0.00
119.90	26.90	25.80	26.20	26.10	38.70	2.30	0.00	0.00
120.00	26.90	25.80	26.20	26.10	38.60	2.30	0.00	0.00
120.10	26.90	25.70	26.20	26.20	38.60	2.30	0.00	0.00
120.20	26.90	25.70	26.20	26.20	38.60	2.30	0.00	0.00
120.30	26.90	25.60	26.00	26.10	38.70	2.60	0.00	0.00
120.40	26.80	25.70	26.00	25.90	38.70	2.30	0.00	0.00
120.50	26.80	25.70	26.00	25.90	38.90	2.10	0.00	0.00
120.60	26.90	25.80	26.10	26.10	38.70	2.30	0.00	0.00
120.70	26.90	25.80	26.10	26.10	38.60	2.10	0.00	0.00
120.80	26.90	25.80	26.10	26.10	38.70	2.60	0.00	0.00
120.90	26.90	25.80	26.20	26.10	38.90	2.00	0.00	0.00
121.00	26.90	25.80	26.20	26.10	38.90	2.00	0.00	0.00
121.10	27.00	25.70	26.10	26.10	38.70	2.00	0.00	0.00
121.20	26.90	25.70	26.10	26.10	38.70	2.40	0.00	0.00
121.30	26.90	25.70	26.10	26.10	38.60	2.10	0.00	0.00
121.40	26.80	25.60	26.10	26.10	38.60	2.10	0.00	0.00
121.50	27.00	25.70	26.10	26.20	38.60	2.00	0.00	0.00
121.60	27.00	25.70	26.10	26.20	38.60	2.40	0.00	0.00
121.70	26.90	25.90	26.20	26.20	38.60	2.10	0.00	0.00
121.80	26.90	25.70	26.10	26.20	38.70	2.40	0.00	0.00
121.90	26.90	25.70	26.10	26.20	38.70	2.40	0.00	0.00
122.00	26.80	25.70	26.00	26.00	38.70	2.00	0.00	0.00
122.10	26.90	25.70	26.20	26.20	38.60	2.30	0.00	0.00
122.20	26.90	25.70	26.20	26.20	38.60	2.10	0.00	0.00
122.30	26.90	25.70	26.10	26.20	38.40	2.30	0.00	0.00
122.40	26.90	25.80	26.20	26.00	38.40	2.40	0.00	0.00
122.50	26.90	25.80	26.20	26.00	38.60	2.30	0.00	0.00
122.60	26.80	25.70	26.10	26.00	38.40	2.00	0.00	0.00
122.70	26.90	25.70	26.10	26.10	38.60	2.60	0.00	0.00
122.80	26.90	25.70	26.10	26.10	38.60	2.60	0.00	0.00
122.90	27.00	25.80	26.20	26.30	38.70	2.10	0.00	0.00
123.00	26.90	25.70	26.00	26.00	38.40	2.60	0.00	0.00
123.10	26.90	25.70	26.00	26.00	38.40	2.00	0.00	0.00
123.20	26.80	25.70	26.10	26.30	38.70	2.10	0.00	0.00
123.30	26.90	25.80	26.10	26.10	38.00	2.40	0.00	0.00
123.40	26.90	25.80	26.10	26.10	38.70	2.30	0.00	0.00
123.50	26.80	25.70	26.20	26.10	38.40	1.70	0.00	0.00
123.60	26.80	25.70	26.10	26.10	38.60	2.40	0.00	0.00
123.70	26.80	25.70	26.10	26.10	38.60	2.40	0.00	0.00
123.80	26.80	25.70	26.00	26.20	38.30	2.10	0.00	0.00
123.90	27.00	25.80	26.10	26.20	38.90	2.10	0.00	0.00
124.00	27.00	25.80	26.10	26.20	38.70	2.40	0.00	0.00
124.10	26.90	25.80	26.20	26.20	38.70	2.40	0.00	0.00
124.20	26.90	25.90	26.10	26.20	38.40	2.30	0.00	0.00
124.30	26.90	25.90	26.10	26.20	38.90	2.30	0.00	0.00
124.40	26.90	25.80	26.30	26.20	38.90	2.00	0.00	0.00
124.50	26.90	25.70	26.10	26.10	38.40	2.00	0.00	0.00
124.60	26.90	25.70	26.10	26.10	38.40	2.00	0.00	0.00
124.70	26.70	25.70	26.10	26.10	38.70	2.10	0.00	0.00
124.80	26.80	25.60	26.00	26.00	38.60	2.00	0.00	0.00
124.90	26.80	25.60	26.00	26.00	38.90	2.30	0.00	0.00
125.00	26.90	25.80	26.20	26.30	38.70	2.10	0.00	0.00
125.10	26.90	25.70	26.10	26.20	38.90	2.10	0.00	0.00
125.20	26.90	25.70	26.10	26.20	38.70	2.00	0.00	0.00
125.30	26.80	25.70	26.10	26.10	38.60	2.30	0.00	0.00
125.40	26.80	25.70	26.10	26.10	38.30	2.10	0.00	0.00
125.50	26.90	25.80	26.20	26.20	38.30	2.10	0.00	0.00
125.60	27.00	25.80	26.10	26.20	38.90	2.40	0.00	0.00
125.70	26.90	25.80	26.10	26.20	38.60	2.10	0.00	0.00
125.80	26.90	25.80	26.10	26.20	38.60	2.00	0.00	0.00
125.90	26.90	25.80	26.10	26.20	38.40	2.10	0.00	0.00
126.00	26.90	25.80	26.10	26.20	38.60	2.30	0.00	0.00
126.10	26.80	25.60	26.00	26.20	38.90	2.30	0.00	0.00
126.20	26.90	25.80	26.00	26.10	38.90	2.40	0.00	0.00
126.30	26.90	25.80	26.00	26.10	38.60	2.00	0.00	0.00
126.40	26.90	25.80	26.00	26.20	38.60	2.00	0.00	0.00
126.50	26.90	25.60	26.10	26.00	38.70	2.10	0.00	0.00
126.60	26.90	25.60	26.10	26.00	39.20	2.30	0.00	0.00
126.70	26.80	25.70	26.00	26.00	38.90	2.60	0.00	0.00
126.80	26.80	25.80	26.20	26.20	38.40	2.00	0.00	0.00
126.90	26.80	25.80	26.20	26.20	38.70	2.40	0.00	0.00
127.00	27.00	25.70	26.20	26.20	38.60	2.40	0.00	0.00
127.10	26.90	25.70	26.20	26.30	38.70	2.30	0.00	0.00
127.20	26.90	25.70	26.20	26.30	38.60	2.40	0.00	0.00
127.30	26.90	25.80	26.20	26.20	38.60	2.40	0.00	0.00
127.40	26.90	25.80	26.20	26.20	39.50	2.10	0.00	0.00
127.50	26.90	25.70	26.00	26.30	38.60	2.10	0.00	0.00
127.60	26.80	25.70	26.10	26.10	38.30	1.80	0.00	0.00
127.70	26.80	25.70	26.10	26.10	39.70	2.10	0.00	0.00
127.80	26.80	25.70	26.10	26.20	38.90	2.10	0.00	0.00
127.90	26.80	25.80	26.00	26.10	38.30	2.30	0.00	0.00
128.00	26.80	25.80	26.00	26.10	38.70	2.30	0.00	0.00
128.10	26.80	25.80	26.10	26.20	38.90	0.60	0.00	0.00
128.20	26.80	25.70	26.10	26.10	38.90	0.60	0.00	0.00
128.30	26.80	25.70	26.10	26.10	38.60	2.00	0.00	0.00
128.40	26.80	25.60	26.00	26.10	38.70	2.60	0.00	0.00
128.50	26.90	25.80	26.10	26.20	38.60	2.10	0.00	0.00
128.60	26.90	25.80	26.10	26.20	38.60	2.10	0.00	0.00
128.70	26.90	25.70	26.20	26.20	38.70	1.80	0.00	0.00
128.80	26.90	25.70	26.20	26.20	38.90	2.10	0.00	0.00
128.90	26.80	25.70	26.10	26.20	38.40	2.10	0.00	0.00
129.00	27.00	25.70	26.20	26.10	38.60	2.10	0.00	0.00
129.10	27.00	25.70	26.20	26.10	39.10	2.30	0.00	0.00
129.20	26.90	25.70	26.10	26.20	39.10	2.30	0.00	0.00
129.30	26.80	25.70	26.20	26.20	38.60	3.00	0.00	0.00
129.40	26.80	25.70	26.20	26.20	38.40	2.10	0.00	0.00
129.50	26.80	25.70	26.10	26.10	38.60	2.30	0.00	0.00
129.60	26.80	25.70	26.10	26.20	38.70	2.40	0.00	0.00
129.70	26.80	25.70	26.10	26.20	38.40	2.30	0.00	0.00
129.80	26.90	25.80	26.20	26.20	38.60	2.30	0.00	0.00
129.90	27.00	25.80	26.20	26.20	38.10	2.10	0.00	0.00
130.00	27.00	25.80	26.20	26.20	38.70	2.30	0.00	0.00
130.10	26.80	25.80	26.10	26.10	38.70	2.30	0.00	0.00
130.20	26.80	25.80	26.20	26.20	38.60	2.10	0.00	0.00
130.30	26.80	25.80	26.20	26.20	38.70	2.60	0.00	0.00
130.40	26.80	25.80	26.10	26.20	38.70	2.40	0.00	0.00
130.50	26.80	25.70	26.20	26.30	38.70	2.40	0.00	0.00
130.60	26.80	25.70	26.20	26.30	38.60	2.10	0.00	0.00
130.70	26.90	25.60	26.20	26.10	39.40	2.10	0.00	0.00
130.80	26.90	25.60	26.20	26.10	38.70	2.30	0.00	0.00
130.90	26.80	25.80	26.00	26.20	38.40	1.80	0.00	0.00
131.00	26.80	25.70	26.10	26.10	38.40	1.80	0.00	0.00
131.10	26.80	25.70	26.10	26.10	38.30	2.30	0.00	0.00
131.20	26.80	25.70	26.20	26.10	38.40	2.40	0.00	0.00
131.30	26.80	25.70	26.20	26.10	38.90	2.60	0.00	0.00
131.40	26.90	25.80	26.30	26.20	38.70	1.80	0.00	0.00
131.50	26.80	25.70	26.20	26.20	38.40	1.70	0.00	0.00
131.60	26.80	25.70	26.20	26.20	38.70	2.30	0.00	0.00
131.70	26.80	25.70	26.20	26.20	38.70	2.10	0.00	0.00
131.80	26.90	25.80	26.20	26.20	39.10	2.30	0.00	0.00
131.90	26.90	25.80	26.20	26.20	38.60	2.30	0.00	0.00
132.00	26.90	25.70	26.10	26.30	38.60	2.30	0.00	0.00
132.10	26.90	25.70	26.10	26.30	38.40	1.80	0.00	0.00
132.20	26.80	25.80	26.10	26.20	38.90	2.30	0.00	0.00
132.30	26.70	25.60	26.00	26.10	38.70	2.10	0.00	0.00
132.40	26.70	25.60	26.00	26.10	38.70	2.30	0.00	0.00
132.50	27.00	25.80	26.20	26.20	38.60	2.30	0.00	0.00
132.60	26.90	25.70	26.10	26.20	39.10	2.10	0.00	0.00
132.70	26.90	25.70	26.10	26.20	38.60	2.30	0.00	0.00
132.80	26.80	25.90	26.10	26.20	38.40	2.10	0.00	0.00
132.90	26.90	25.50	26.00	26.10	38.40	2.10	0.00	0.00
133.00	26.90	25.50	26.00	26.10	38.40	2.10	0.00	0.00
133.10	26.70	25.70	25.90	26.10	38.70	2.00	0.00	0.00
133.20	26.70	25.70	25.90	26.10	38.90	2.30	0.00	0.00
133.30	26.80	25.70	26.10	26.10	38.90	2.40	0.00	0.00
133.40	26.80	25.60	26.00	26.10	38.90	2.10	0.00	0.00
133.50	26.80	25.60	26.00	26.10	38.90	2.30	0.00	0.00
133.60	26.90	25.80	26.20	26.20	38.70	2.40	0.00	0.00
133.70	26.90	25.70	26.10	26.10	38.70	2.30	0.00	0.00
133.80	26.90	25.70	26.10	26.10	38.00	2.40	0.00	0.00
133.90	26.70	25.70	26.00	26.00	38.00	2.40	0.00	0.00
134.00	26.70	25.70	26.00	26.10	39.70	2.00	0.00	0.00
134.10	26.70	25.70	26.00	26.10	38.90	2.30	0.00	0.00
134.20	26.90	25.70	26.20	26.20	38.40	2.40	0.00	0.00
134.30	26.90	25.80	26.10	26.20	38.60	2.40	0.00	0.00
134.40	26.90	25.80	26.10	26.20	38.90	2.40	0.00	0.00
134.50	27.00	25.70	26.10	26.20	38.00	2.00	0.00	0.00
134.60	26.80	25.60	26.10	26.20	38.60	1.50	0.00	0.00
134.70	26.80	25.60	26.10	26.20	39.10	2.00	0.00	0.00
134.80	26.90	25.70	26.20	26.10	39.10	2.30	0.00	0.00
134.90	26.90	25.70	26.20	26.10	38.40	2.10	0.00	0.00
135.00	26.80	25.70	26.30	26.20	38.60	2.10	0.00	0.00
135.10	26.90	25.70	26.10	26.10	38.60	2.10	0.00	0.00
135.20	26.90	25.70	26.10	26.10	38.40	2.10	0.00	0.00
135.30	26.90	25.70	26.20	26.20	38.40	2.40	0.00	0.00
135.40	26.80	25.70	26.20	26.10	39.20	2.30	0.00	0.00
135.50	26.80	25.70	26.20	26.10	38.70	2.60	0.00	0.00
135.60	26.90	25.70	26.10	26.10	39.20	2.00	0.00	0.00
135.70	26.90	25.70	26.10	26.10	38.70	2.30	0.00	0.00
135.80	26.90	25.80	26.20	26.00	38.70	2.30	0.00	0.00
135.90	26.90	25.80	26.10	26.30	38.70	2.30	0.00	0.00
136.00	26.90	25.80	26.10	26.30	39.10	2.60	0.00	0.00
136.10	26.90	25.70	26.20	26.20	38.60	2.30	0.00	0.00
136.20	26.90	25.80	26.10	26.10	38.40	2.10	0.00	0.00
136.30	26.90	25.80	26.10	26.10	38.40	2.40	0.00	0.00
136.40	26.80	25.70	26.00	26.10	38.60	2.10	0.00	0.00
136.50	26.90	25.80	26.20	26.10	38.70	2.30	0.00	0.00
136.60	26.90	25.80	26.20	26.10	38.40	2.10	0.00	0.00
136.70	26.90	25.80	26.20	26.30	38.40	2.10	0.00	0.00
136.80	27.00	25.80	26.20	26.20	39.10	2.00	0.00	0.00
136.90	27.00	25.80	26.20	26.20	39.80	2.10	0.00	0.00
137.00	26.80	25.70	26.10	26.10	39.40	2.10	0.00	0.00
137.10	26.80	25.70	26.10	26.10	38.70	2.00	0.00	0.00
137.20	26.80	25.70	26.10	26.00	38.70	2.30	0.00	0.00
137.30	26.90	25.80	26.10	26.20	38.60	2.00	0.00	0.00
137.40	26.90	25.80	26.10	26.20	38.60	2.10	0.00	0.00
137.50	26.90	25.80	26.20	26.10	39.10	2.10	0.00	0.00
137.60	26.90	25.70	26.20	26.20	38.40	3.50	0.00	0.00
137.70	26.90	25.70	26.20	26.20	38.40	3.50	0.00	0.00
137.80	26.90	25.80	26.30	26.20	38.70	2.10	0.00	0.00
137.90	27.00	25.80	26.20	26.20	38.70	2.30	0.00	0.00
138.00	27.00	25.80	26.20	26.20	38.40	2.30	0.00	0.00
138.10	26.80	25.80	26.20	26.20	38.30	2.60	0.00	0.00
138.20	26.90	25.70	26.20	26.20	39.50	2.00	0.00	0.00
138.30	26.90	25.70	26.20	26.20	38.60	2.30	0.00	0.00
138.40	26.90	25.80	26.20	26.10	38.90	2.10	0.00	0.00
138.50	26.90	25.80	26.20	26.10	38.60	2.10	0.00	0.00
138.60	26.80	25.70	26.10	26.10	38.60	2.10	0.00	0.00
138.70	26.80	25.70	26.10	26.10	38.60	2.10	0.00	0.00
138.80	26.80	25.70	26.10	26.10	38.60	2.30	0.00	0.00
138.90	26.80	25.50	26.10	26.00	38.90	2.60	0.00	0.00
139.00	26.80	25.80	26.10	26.10	38.40	2.40	0.00	0.00
139.10	26.80	25.80	26.10	26.10	38.90	2.10	0.00	0.00
139.20	26.80	25.60	26.10	26.20	38.60	2.30	0.00	0.00
139.30	27.00	25.90	26.20	26.20	38.70	2.10	0.00	0.00
139.40	27.00	25.90	26.20	26.20	39.10	2.30	0.00	0.00
139.50	26.90	25.80	26.30	26.20	38.40	2.10	0.00	0.00
139.60	26.90	25.80	26.30	26.20	39.20	2.30	0.00	0.00
139.70	26.80	25.70	26.10	26.00	38.90	2.10	0.00	0.00
139.80	26.80	25.80	26.10	26.20	38.60	2.00	0.00	0.00
139.90	26.80	25.80	26.10	26.20	38.90	2.10	0.00	0.00
140.00	26.90	25.70	26.00	26.20	38.70	2.30	0.00	0.00
140.10	26.90	25.90	26.10	26.20	38.70	1.80	0.00	0.00
140.20	26.90	25.90	26.10	26.20	38.60	2.00	0.00	0.00
140.30	26.70	25.80	26.10	26.10	38.40	2.00	0.00	0.00
140.40	26.70	25.80	26.10	26.10	38.40	2.00	0.00	0.00
140.50	26.90	25.70	26.20	26.20	38.40	2.00	0.00	0.00
140.60	26.90	25.80	26.20	26.10	38.90	2.10	0.00	0.00
140.70	26.90	25.80	26.20	26.10	38.70	2.30	0.00	0.00
140.80	26.80	25.70	26.00	26.00	38.60	2.30	0.00	0.00
140.90	26.80	25.60	26.00	26.10	38.40	2.10	0.00	0.00
141.00	26.80	25.70	26.10	25.90	38.70	2.10	0.00	0.00
141.10	26.80	25.70	26.10	25.90	38.60	2.30	0.00	0.00
141.20	26.90	25.70	26.10	26.10	38.30	1.80	0.00	0.00
141.30	26.90	25.70	26.10	26.10	38.90	2.30	0.00	0.00
141.40	26.80	25.70	26.20	26.10	38.90	2.30	0.00	0.00
141.50	26.80	25.70	26.20	26.00	38.60	2.10	0.00	0.00
141.60	26.80	25.70	26.20	26.00	38.70	2.30	0.00	0.00
141.70	26.80	25.70	26.10	26.00	38.70	2.40	0.00	0.00
141.80	26.80	25.80	26.00	26.00	38.60	2.30	0.00	0.00
141.90	26.80	25.80	26.00	26.00	38.70	2.00	0.00	0.00
142.00	26.80	25.70	26.10	26.00	37.10	2.10	0.00	0.00
142.10	26.80	25.80	26.10	26.10	38.70	2.30	0.00	0.00
142.20	26.80	25.80	26.10	26.10	38.40	2.30	0.00	0.00
142.30	26.90	25.70	26.10	26.10	38.40	2.30	0.00	0.00
142.40	26.90	25.60	26.10	26.00	38.70	1.80	0.00	0.00
142.50	26.90	25.60	26.10	26.00	38.60	2.30	0.00	0.00
142.60	26.80	25.70	26.10	26.00	38.70	2.00	0.00	0.00
142.70	26.80	25.70	26.10	26.00	38.70	2.10	0.00	0.00
142.80	26.90	25.80	26.20	26.10	38.70	1.80	0.00	0.00
142.90	26.80	25.70	26.10	26.00	38.70	2.00	0.00	0.00
143.00	26.80	25.70	26.10	26.00	38.60	2.90	0.00	0.00
143.10	26.80	25.80	26.10	26.00	38.60	2.40	0.00	0.00
143.20	26.80	25.80	26.10	26.00	38.90	2.30	0.00	0.00
143.30	26.90	25.70	26.20	26.10	38.90	2.30	0.00	0.00
143.40	26.90	25.90	26.20	26.20	38.40	2.40	0.00	0.00
143.50	26.90	25.90	26.20	26.20	38.60	2.30	0.00	0.00
143.60	26.80	25.80	26.20	26.20	38.00	2.30	0.00	0.00
143.70	26.80	25.80	26.20	26.20	38.40	2.10	0.00	0.00
143.80	26.80	25.70	26.10	26.00	38.40	2.30	0.00	0.00
143.90	26.80	25.60	26.10	26.00	38.70	2.10	0.00	0.00
144.00	26.80	25.60	26.10	26.00	38.90	2.30	0.00	0.00
144.10	26.70	25.60	26.10	26.10	39.10	2.10	0.00	0.00
144.20	26.80	25.80	26.10	26.00	38.40	2.60	0.00	0.00
144.30	26.80	25.80	26.10	26.00	38.40	2.60	0.00	0.00
144.40	26.80	25.70	26.10	25.90	38.90	2.00	0.00	0.00
144.50	27.00	25.80	26.20	26.10	38.40	2.30	0.00	0.00
144.60	27.00	25.80	26.20	26.10	38.70	2.30	0.00	0.00
144.70	26.90	25.60	26.10	26.00	38.40	2.10	0.00	0.00
144.80	26.70	25.80	26.20	26.00	38.70	2.30	0.00	0.00
144.90	26.70	25.80	26.20	26.00	38.90	2.10	0.00	0.00
145.00	26.90	25.80	26.20	26.10	38.60	2.30	0.00	0.00
145.10	26.70	25.60	26.10	25.90	38.40	2.40	0.00	0.00
145.20	26.70	25.60	26.10	25.90	38.40	2.40	0.00	0.00
145.30	26.90	25.70	26.20	26.10	38.90	2.10	0.00	0.00
145.40	26.90	25.70	26.20	26.10	38.40	2.00	0.00	0.00
145.50	26.80	25.60	26.10	25.90	38.70	2.30	0.00	0.00
145.60	26.90	25.80	26.10	26.00	38.70	2.10	0.00	0.00
145.70	26.90	25.80	26.10	26.00	38.70	2.10	0.00	0.00
145.80	26.70	25.70	26.00	26.00	39.10	2.30	0.00	0.00
145.90	26.90	25.80	26.20	26.10	38.60	2.30	0.00	0.00
146.00	26.90	25.80	26.20	26.10	38.60	2.30	0.00	0.00
146.10	26.90	25.80	26.20	26.20	38.60	2.30	0.00	0.00
146.20	26.90	25.80	26.20	26.10	38.60	2.30	0.00	0.00
146.30	26.90	25.80	26.20	26.10	39.20	2.10	0.00	0.00
146.40	26.80	25.70	26.10	26.00	38.30	2.30	0.00	0.00
146.50	26.80	25.60	26.20	25.80	38.70	2.60	0.00	0.00
146.60	26.80	25.60	26.20	25.80	38.70	2.30	0.00	0.00
146.70	26.90	25.70	26.20	26.00	38.40	3.00	0.00	0.00
146.80	26.90	25.70	26.20	26.00	38.90	2.30	0.00	0.00
146.90	26.80	25.70	26.00	25.80	38.60	2.40	0.00	0.00
147.00	27.10	25.90	26.30	26.20	38.30	2.40	0.00	0.00
147.10	27.10	25.90	26.30	26.20	38.30	2.40	0.00	0.00
147.20	26.90	25.70	26.00	25.90	38.90	2.10	0.00	0.00
147.30	26.90	25.70	26.10	26.10	38.10	2.30	0.00	0.00
147.40	26.90	25.70	26.10	26.10	39.20	2.30	0.00	0.00
147.50	26.70	25.70	26.10	26.00	38.90	2.10	0.00	0.00
147.60	26.90	25.80	26.20	26.00	38.90	2.30	0.00	0.00
147.70	26.90	25.80	26.20	26.00	38.60	2.30	0.00	0.00
147.80	26.80	25.70	26.20	26.00	38.60	2.30	0.00	0.00
147.90	26.80	25.70	26.10	26.10	38.60	1.50	0.00	0.00
148.00	26.80	25.70	26.10	26.10	38.60	1.50	0.00	0.00
148.10	26.90	25.80	26.20	26.00	38.70	2.10	0.00	0.00
148.20	26.90	25.70	26.20	26.00	38.90	2.00	0.00	0.00
148.30	26.90	25.70	26.20	26.00	38.60	2.10	0.00	0.00
148.40	26.80	25.70	26.30	26.00	38.60	2.30	0.00	0.00
148.50	26.80	25.80	26.20	26.00	38.70	2.00	0.00	0.00
148.60	26.80	25.80	26.20	26.00	38.40	2.40	0.00	0.00
148.70	26.80	25.80	26.20	25.90	38.60	2.30	0.00	0.00
148.80	26.70	25.70	26.00	26.10	38.40	2.10	0.00	0.00
148.90	26.70	25.70	26.00	26.10	38.40	2.10	0.00	0.00
149.00	26.70	25.70	26.10	26.00	38.60	2.00	0.00	0.00
149.10	26.70	25.70	26.10	26.00	38.30	2.40	0.00	0.00
149.20	26.80	25.70	26.10	26.00	38.70	2.10	0.00	0.00
149.30	26.80	25.70	26.10	26.00	38.70	2.40	0.00	0.00
149.40	26.80	25.70	26.10	26.00	38.60	2.30	0.00	0.00
149.50	26.80	25.80	26.20	26.10	38.90	2.10	0.00	0.00
149.60	26.90	25.70	26.00	26.00	38.60	2.40	0.00	0.00
149.70	26.90	25.70	26.00	26.00	38.30	2.30	0.00	0.00
149.80	26.90	25.70	26.10	26.10	38.30	2.30	0.00	0.00
149.90	26.70	25.50	26.00	25.90	38.60	1.80	0.00	0.00
150.00	26.70	25.50	26.00	25.90	39.50	2.10	0.00	0.00
150.10	26.90	25.90	26.00	26.10	39.50	2.70	0.00	0.00
150.20	26.90	25.80	26.30	26.10	38.60	2.10	0.00	0.00
150.30	26.90	25.80	26.30	26.10	38.60	2.10	0.00	0.00
150.40	26.80	25.70	26.10	26.10	38.60	2.30	0.00	0.00
150.50	26.70	25.70	26.10	25.90	38.90	2.40	0.00	0.00
150.60	26.70	25.70	26.10	25.90	38.40	2.30	0.00	0.00
150.70	26.80	25.70	26.10	26.00	38.40	2.30	0.00	0.00
150.80	26.80	25.70	26.20	26.10	38.60	2.10	0.00	0.00
150.90	26.80	25.70	26.20	26.10	38.60	2.60	0.00	0.00
151.00	26.80	25.80	26.10	26.10	38.60	2.30	0.00	0.00
151.10	26.80	25.70	26.10	26.00	38.70	2.30	0.00	0.00
151.20	26.80	25.70	26.10	26.00	38.70	2.30	0.00	0.00
151.30	26.70	25.70	26.20	26.00	38.40	2.30	0.00	0.00
151.40	26.90	25.80	26.10	26.00	38.90	2.40	0.00	0.00
151.50	26.90	25.80	26.10	26.00	38.60	2.40	0.00	0.00
151.60	26.80	25.80	26.10	26.00	38.70	2.10	0.00	0.00
151.70	26.90	25.70	26.10	26.00	39.10	3.20	0.00	0.00
151.80	26.90	25.70	26.10	26.00	38.70	2.10	0.00	0.00
151.90	26.80	25.80	26.20	26.00	38.70	2.10	0.00	0.00
152.00	26.80	25.70	26.10	26.00	38.90	2.30	0.00	0.00
152.10	26.80	25.70	26.10	26.00	38.70	2.90	0.00	0.00
152.20	26.80	25.80	26.30	26.10	38.70	2.60	0.00	0.00
152.30	27.00	25.80	26.20	26.00	38.60	2.40	0.00	0.00
152.40	27.00	25.80	26.20	26.00	38.90	2.40	0.00	0.00
152.50	26.70	25.70	26.00	26.00	38.60	2.10	0.00	0.00
152.60	26.70	25.70	26.10	25.90	38.60	2.10	0.00	0.00
152.70	26.70	25.70	26.10	25.90	38.40	2.10	0.00	0.00
152.80	26.80	25.70	26.10	26.10	38.90	2.00	0.00	0.00
152.90	26.90	25.80	26.10	26.00	38.60	2.10	0.00	0.00
153.00	26.90	25.80	26.10	26.00	38.30	2.10	0.00	0.00
153.10	26.70	25.70	26.00	26.00	38.70	2.10	0.00	0.00
153.20	26.70	25.70	26.10	26.10	38.30	2.30	0.00	0.00
153.30	26.70	25.70	26.10	26.10	38.60	2.30	0.00	0.00
153.40	26.80	25.70	26.20	26.00	38.60	2.10	0.00	0.00
153.50	26.70	25.70	26.10	26.00	38.60	2.10	0.00	0.00
153.60	26.70	25.70	26.10	26.00	38.30	2.00	0.00	0.00
153.70	26.80	25.80	26.20	26.00	38.40	2.00	0.00	0.00
153.80	26.70	25.70	26.20	26.10	38.60	2.30	0.00	0.00
153.90	26.70	25.70	26.20	26.10	38.10	2.30	0.00	0.00
154.00	26.80	25.80	26.20	25.90	38.60	0.70	0.00	0.00
154.10	26.80	25.80	26.10	26.00	38.90	2.40	0.00	0.00
154.20	26.80	25.80	26.10	26.00	38.40	2.30	0.00	0.00
154.30	26.80	25.70	26.20	26.10	38.40	2.10	0.00	0.00
154.40	26.80	25.70	26.20	26.10	38.60	2.30	0.00	0.00
154.50	26.90	25.80	26.20	26.10	38.40	2.40	0.00	0.00
154.60	26.80	25.70	26.20	25.90	38.40	2.40	0.00	0.00
154.70	26.80	25.70	26.20	25.90	38.70	2.10	0.00	0.00
154.80	26.80	25.80	26.20	26.10	38.60	2.30	0.00	0.00
154.90	26.70	25.70	26.00	25.90	38.10	2.40	0.00	0.00
155.00	26.70	25.70	26.00	25.90	38.60	2.10	0.00	0.00
155.10	26.80	25.70	26.20	25.90	38.70	2.10	0.00	0.00
155.20	26.90	25.90	26.20	26.10	38.40	2.00	0.00	0.00
155.30	26.90	25.90	26.20	26.10	38.40	2.00	0.00	0.00
155.40	26.80	25.70	26.10	26.00	38.70	2.10	0.00	0.00
155.50	26.80	25.70	26.10	26.00	38.60	2.10	0.00	0.00
155.60	26.70	25.70	26.10	26.00	38.60	2.00	0.00	0.00
155.70	26.80	25.80	26.20	26.00	38.60	2.10	0.00	0.00
155.80	26.80	25.80	26.20	26.00	38.60	1.80	0.00	0.00
155.90	26.80	25.70	26.20	26.00	38.70	2.10	0.00	0.00
156.00	26.70	25.70	26.00	26.00	38.70	2.10	0.00	0.00
156.10	26.70	25.70	26.00	26.00	39.20	2.00	0.00	0.00
156.20	26.90	25.80	26.20	25.90	39.20	2.00	0.00	0.00
156.30	26.90	25.80	26.20	25.90	38.40	2.10	0.00	0.00
156.40	26.80	25.70	26.10	25.90	38.60	0.90	0.00	0.00
156.50	26.80	25.80	26.00	25.90	38.90	2.10	0.00	0.00
156.60	26.70	25.70	26.10	25.90	38.30	2.30	0.00	0.00
156.70	26.70	25.70	26.10	25.90	38.60	2.40	0.00	0.00
156.80	26.80	25.80	26.10	26.00	38.40	2.10	0.00	0.00
156.90	26.80	25.80	26.10	26.00	38.60	2.10	0.00	0.00
157.00	26.80	25.80	26.00	26.00	39.10	2.30	0.00	0.00
157.10	26.80	25.80	26.00	26.00	39.10	2.30	0.00	0.00
157.20	26.80	25.70	26.10	25.90	38.70	2.30	0.00	0.00
157.30	26.80	25.90	26.30	25.90	38.60	1.70	0.00	0.00
157.40	26.80	25.90	26.30	25.90	38.60	2.10	0.00	0.00
157.50	26.70	25.70	26.10	25.90	38.70	2.10	0.00	0.00
157.60	26.80	25.80	26.10	26.00	38.30	2.00	0.00	0.00
157.70	26.80	25.80	26.10	26.00	38.60	2.30	0.00	0.00
157.80	26.80	25.70	26.10	26.00	38.90	2.40	0.00	0.00
157.90	26.80	25.70	26.10	25.90	39.10	2.10	0.00	0.00
158.00	26.80	25.70	26.10	25.90	38.40	2.10	0.00	0.00
158.10	26.90	25.90	26.20	26.10	38.70	2.70	0.00	0.00
158.20	26.80	25.70	26.20	26.00	38.70	2.30	0.00	0.00
158.30	26.80	25.70	26.20	26.00	38.40	2.10	0.00	0.00
158.40	26.80	25.80	26.30	25.90	38.60	2.30	0.00	0.00
158.50	26.90	25.70	26.20	26.10	38.90	2.60	0.00	0.00
158.60	26.90	25.70	26.20	26.10	38.60	1.80	0.00	0.00
158.70	26.90	25.80	26.20	25.90	38.00	2.10	0.00	0.00
158.80	26.90	25.70	26.10	25.90	38.70	2.40	0.00	0.00
158.90	26.90	25.70	26.10	25.90	38.70	2.00	0.00	0.00
159.00	26.70	25.70	26.10	25.90	38.70	2.00	0.00	0.00
159.10	26.70	25.70	26.10	25.90	38.70	2.40	0.00	0.00
159.20	26.80	25.70	26.10	25.90	38.90	2.30	0.00	0.00
159.30	26.70	25.60	26.10	26.10	38.70	2.00	0.00	0.00
159.40	26.70	25.60	26.10	26.10	38.40	2.30	0.00	0.00
159.50	26.70	25.70	26.10	25.90	38.60	2.40	0.00	0.00
159.60	26.70	25.80	26.10	26.00	38.70	2.40	0.00	0.00
159.70	26.70	25.80	26.10	26.00	38.90	2.10	0.00	0.00
159.80	26.80	25.90	26.20	26.10	38.30	2.60	0.00	0.00
159.90	26.70	25.60	26.10	25.80	38.30	2.60	0.00	0.00
160.00	26.70	25.60	26.10	25.80	38.90	2.30	0.00	0.00
160.10	26.90	25.80	26.30	26.20	39.20	2.30	0.00	0.00
160.20	26.90	25.80	26.30	26.20	38.90	1.00	0.00	0.00
160.30	26.80	25.80	26.10	25.90	38.70	2.10	0.00	0.00
160.40	26.80	25.70	26.10	26.00	38.70	2.40	0.00	0.00
160.50	26.80	25.70	26.10	26.00	38.60	2.40	0.00	0.00
160.60	26.90	25.80	26.20	26.00	38.70	2.10	0.00	0.00
160.70	26.80	25.80	26.10	26.00	38.60	2.10	0.00	0.00
160.80	26.80	25.80	26.10	26.00	38.30	2.10	0.00	0.00
160.90	26.70	25.70	26.00	26.00	38.30	2.10	0.00	0.00
161.00	26.70	25.70	26.00	26.00	38.40	2.00	0.00	0.00
161.10	26.80	25.70	26.10	25.90	38.60	2.30	0.00	0.00
161.20	26.70	25.70	26.20	25.90	38.40	2.40	0.00	0.00
161.30	26.70	25.70	26.20	25.90	38.40	2.10	0.00	0.00
161.40	26.80	25.60	26.10	25.90	38.40	2.40	0.00	0.00
161.50	26.80	25.60	26.10	25.90	38.70	2.30	0.00	0.00
161.60	26.70	25.80	26.20	26.00	38.40	2.10	0.00	0.00
161.70	26.80	25.80	26.20	26.00	38.40	2.30	0.00	0.00
161.80	26.80	25.80	26.20	26.00	38.40	2.30	0.00	0.00
161.90	26.80	25.80	26.20	26.00	38.70	2.10	0.00	0.00
162.00	26.80	25.70	26.10	25.80	38.70	1.70	0.00	0.00
162.10	26.80	25.70	26.10	25.80	38.90	2.10	0.00	0.00
162.20	26.90	25.80	26.20	26.10	38.60	2.30	0.00	0.00
162.30	26.70	25.60	26.10	26.00	38.70	3.00	0.00	0.00
162.40	26.70	25.60	26.10	26.00	38.60	2.10	0.00	0.00
162.50	26.80	25.70	26.30	26.00	38.70	2.00	0.00	0.00
162.60	26.80	25.70	26.30	26.00	38.60	3.20	0.00	0.00
162.70	26.80	25.80	26.10	26.00	38.60	3.20	0.00	0.00
162.80	26.70	25.70	26.10	26.10	38.30	2.10	0.00	0.00
162.90	26.70	25.70	26.10	26.10	38.70	2.30	0.00	0.00
163.00	26.90	25.80	26.10	26.10	38.70	2.30	0.00	0.00
163.10	26.90	25.80	26.10	26.10	38.70	2.10	0.00	0.00
163.20	26.80	25.80	26.00	26.00	38.70	2.30	0.00	0.00
163.30	26.80	25.80	26.00	26.00	38.60	2.40	0.00	0.00
163.40	26.80	25.80	26.10	26.10	38.60	2.40	0.00	0.00
163.50	26.80	25.70	26.20	26.00	38.60	1.80	0.00	0.00
163.60	26.80	25.70	26.20	26.00	38.40	2.30	0.00	0.00
163.70	26.70	25.70	26.00	25.90	38.40	2.30	0.00	0.00
163.80	26.70	25.60	26.00	25.90	38.30	2.40	0.00	0.00
163.90	26.70	25.60	26.00	25.90	38.30	2.30	0.00	0.00
164.00	26.70	25.70	26.00	26.00	38.70	2.10	0.00	0.00
164.10	26.90	25.80	26.20	26.00	38.30	2.70	0.00	0.00
164.20	26.90	25.80	26.20	26.00	38.60	2.30	0.00	0.00
164.30	26.80	25.80	26.20	26.00	37.70	2.40	0.00	0.00
164.40	26.80	25.80	26.20	26.00	38.90	2.40	0.00	0.00
164.50	26.70	25.60	26.10	26.00	38.10	2.10	0.00	0.00
164.60	26.80	25.70	26.10	25.90	38.10	2.10	0.00	0.00
164.70	26.80	25.60	26.00	25.90	38.60	2.10	0.00	0.00
164.80	26.80	25.60	26.00	25.90	38.60	2.40	0.00	0.00
164.90	26.80	25.70	26.20	26.10	38.60	2.10	0.00	0.00
165.00	26.80	25.70	26.20	26.10	38.60	2.30	0.00	0.00
165.10	26.80	25.70	26.10	26.00	38.70	2.40	0.00	0.00
165.20	26.70	25.70	26.10	26.00	38.60	2.60	0.00	0.00
165.30	26.70	25.70	26.10	26.00	38.90	2.40	0.00	0.00
165.40	26.80	25.80	26.10	26.00	38.90	2.10	0.00	0.00
165.50	26.70	25.80	26.10	26.00	38.90	2.10	0.00	0.00
165.60	26.70	25.80	26.10	26.00	38.40	2.10	0.00	0.00
165.70	26.70	25.80	26.00	26.00	38.90	2.10	0.00	0.00
165.80	26.80	25.70	26.20	26.10	38.90	0.90	0.00	0.00
165.90	26.80	25.70	26.20	26.10	38.40	2.40	0.00	0.00
166.00	26.70	25.70	26.10	25.90	38.10	2.10	0.00	0.00
166.10	26.70	25.70	26.10	25.90	38.70	2.10	0.00	0.00
166.20	26.80	25.70	26.20	25.90	38.60	2.00	0.00	0.00
166.30	26.90	25.80	26.20	26.10	38.90	2.10	0.00	0.00
166.40	26.90	25.80	26.20	26.10	38.90	2.10	0.00	0.00
166.50	26.60	25.60	26.00	26.00	38.40	2.40	0.00	0.00
166.60	26.90	25.80	26.10	26.10	38.40	2.40	0.00	0.00
166.70	26.90	25.80	26.10	26.10	38.70	2.40	0.00	0.00
166.80	26.80	25.70	26.20	26.20	38.30	2.10	0.00	0.00
166.90	26.90	25.70	26.10	26.10	38.70	2.30	0.00	0.00
167.00	26.90	25.70	26.10	26.10	39.20	2.40	0.00	0.00
167.10	26.80	25.80	26.10	26.10	38.60	2.10	0.00	0.00
167.20	26.60	25.70	26.10	25.90	39.50	2.10	0.00	0.00
167.30	26.60	25.70	26.10	25.90	38.70	2.90	0.00	0.00
167.40	26.80	25.60	26.10	26.10	38.70	2.90	0.00	0.00
167.50	26.70	25.80	26.20	26.00	38.70	2.90	0.00	0.00
167.60	26.70	25.80	26.20	26.00	38.90	2.30	0.00	0.00
167.70	26.80	25.60	26.00	25.90	38.40	2.30	0.00	0.00
167.80	26.80	25.70	26.10	26.10	38.40	2.10	0.00	0.00
167.90	26.80	25.70	26.10	26.10	38.40	2.00	0.00	0.00
168.00	26.80	25.70	26.20	26.10	38.60	2.40	0.00	0.00
168.10	26.70	25.70	26.20	26.00	38.60	2.40	0.00	0.00
168.20	26.70	25.70	26.20	26.00	38.60	2.30	0.00	0.00
168.30	26.70	25.70	26.10	26.10	38.60	2.30	0.00	0.00
168.40	26.70	25.70	26.10	25.90	38.60	2.30	0.00	0.00
168.50	26.70	25.70	26.10	25.90	38.70	2.30	0.00	0.00
168.60	26.70	25.70	26.10	26.00	38.70	2.10	0.00	0.00
168.70	26.70	25.70	26.10	26.00	38.30	2.10	0.00	0.00
168.80	26.70	25.80	26.00	26.10	38.60	2.40	0.00	0.00
168.90	26.70	25.80	26.00	26.10	38.60	2.40	0.00	0.00
169.00	26.70	25.80	26.00	26.10	38.40	2.10	0.00	0.00
169.10	26.80	25.80	26.10	26.10	38.70	2.10	0.00	0.00
169.20	26.80	25.80	26.10	26.10	38.70	2.30	0.00	0.00
169.30	26.70	25.70	26.20	26.00	38.70	2.30	0.00	0.00
169.40	26.80	25.80	26.10	26.00	38.70	2.30	0.00	0.00
169.50	26.80	25.80	26.10	26.00	38.40	2.00	0.00	0.00
169.60	26.90	25.80	26.10	26.10	38.60	1.80	0.00	0.00
169.70	26.70	25.60	26.10	26.00	38.40	2.40	0.00	0.00
169.80	26.70	25.60	26.10	26.00	38.60	2.40	0.00	0.00
169.90	26.70	25.50	26.00	26.00	38.70	2.30	0.00	0.00
170.00	26.80	25.80	26.10	26.00	38.70	2.10	0.00	0.00
170.10	26.80	25.80	26.10	26.00	38.70	2.40	0.00	0.00
170.20	26.70	25.80	26.00	26.00	38.60	2.40	0.00	0.00
170.30	26.80	25.80	26.20	26.00	38.60	2.40	0.00	0.00
170.40	26.80	25.80	26.20	26.00	38.30	2.60	0.00	0.00
170.50	26.80	25.70	26.10	26.10	38.60	2.30	0.00	0.00
170.60	26.80	25.80	26.20	26.10	38.60	2.60	0.00	0.00
170.70	26.80	25.80	26.20	26.10	38.70	2.70	0.00	0.00
170.80	26.70	25.90	26.10	26.10	38.70	2.30	0.00	0.00
170.90	26.70	25.70	26.00	26.10	38.40	2.10	0.00	0.00
171.00	26.70	25.70	26.00	26.10	39.20	2.40	0.00	0.00
171.10	26.90	25.80	26.20	26.10	38.90	2.30	0.00	0.00
171.20	26.80	25.80	26.20	26.20	38.90	2.30	0.00	0.00
171.30	26.80	25.80	26.20	26.20	38.70	2.30	0.00	0.00
171.40	26.70	25.80	26.10	26.10	38.70	2.30	0.00	0.00
171.50	26.70	25.80	26.10	26.10	38.60	2.30	0.00	0.00
171.60	26.80	25.80	26.20	26.10	38.40	2.00	0.00	0.00
171.70	26.70	25.70	26.10	25.90	38.70	2.10	0.00	0.00
171.80	26.70	25.70	26.10	25.90	38.90	2.00	0.00	0.00
171.90	26.80	25.70	26.10	26.00	38.90	1.80	0.00	0.00
172.00	26.80	25.70	26.10	26.00	38.70	2.40	0.00	0.00
172.10	26.70	25.70	26.10	26.10	38.90	2.30	0.00	0.00
172.20	26.80	25.70	26.20	26.10	38.90	2.30	0.00	0.00
172.30	26.80	25.70	26.20	26.10	38.70	2.30	0.00	0.00
172.40	26.70	25.70	26.00	26.20	38.40	2.00	0.00	0.00
172.50	27.00	25.90	26.40	26.20	38.40	2.10	0.00	0.00
172.60	27.00	25.90	26.40	26.20	38.40	2.30	0.00	0.00
172.70	26.90	25.80	26.20	26.10	38.60	2.30	0.00	0.00
172.80	26.80	25.70	26.20	26.10	38.30	2.40	0.00	0.00
172.90	26.80	25.70	26.20	26.10	38.70	1.80	0.00	0.00
173.00	26.70	25.70	26.10	25.90	38.40	2.30	0.00	0.00
173.10	26.80	25.80	26.10	26.10	38.90	2.30	0.00	0.00
173.20	26.80	25.80	26.10	26.10	38.90	2.30	0.00	0.00
173.30	26.80	25.80	26.10	26.10	38.70	2.10	0.00	0.00
173.40	26.80	25.80	26.10	26.10	38.60	2.30	0.00	0.00
173.50	26.90	25.80	26.20	26.20	38.90	2.30	0.00	0.00
173.60	26.80	25.70	26.20	26.10	38.30	2.00	0.00	0.00
173.70	26.80	25.70	26.20	26.10	38.40	2.00	0.00	0.00
173.80	26.70	25.60	26.20	25.90	38.70	2.30	0.00	0.00
173.90	26.70	25.70	26.10	26.10	38.60	2.10	0.00	0.00
174.00	26.70	25.70	26.10	26.10	38.60	2.40	0.00	0.00
174.10	26.80	25.80	26.10	26.10	38.60	2.40	0.00	0.00
174.20	26.70	25.70	26.00	26.00	38.60	2.10	0.00	0.00
174.30	26.70	25.70	26.00	26.00	38.30	2.40	0.00	0.00
174.40	26.80	25.80	26.10	26.10	38.90	2.00	0.00	0.00
174.50	26.80	25.80	26.10	26.10	38.90	2.40	0.00	0.00
174.60	26.80	25.80	26.10	26.10	38.60	2.70	0.00	0.00
174.70	26.70	25.70	26.10	26.10	38.10	2.10	0.00	0.00
174.80	26.80	25.70	26.10	26.10	39.10	2.10	0.00	0.00
174.90	26.80	25.70	26.10	26.10	38.30	2.10	0.00	0.00
175.00	26.80	25.80	26.20	26.10	38.70	2.60	0.00	0.00
175.10	26.70	25.70	26.10	26.10	38.70	2.60	0.00	0.00
175.20	26.70	25.70	26.10	26.10	38.60	2.30	0.00	0.00
175.30	26.90	25.80	26.20	26.30	38.30	2.40	0.00	0.00
175.40	26.70	25.70	26.00	25.90	38.70	2.40	0.00	0.00
175.50	26.70	25.70	26.00	25.90	38.40	2.10	0.00	0.00
175.60	26.80	25.70	26.10	26.10	38.60	2.00	0.00	0.00
175.70	26.80	25.70	26.10	26.10	38.30	2.10	0.00	0.00
175.80	26.80	25.70	26.10	26.10	38.60	2.10	0.00	0.00
175.90	26.80	25.80	26.10	26.10	38.90	2.30	0.00	0.00
176.00	26.80	25.80	26.20	26.20	38.90	2.30	0.00	0.00
176.10	26.80	25.80	26.20	26.20	38.40	2.30	0.00	0.00
176.20	26.80	25.70	26.00	26.10	38.70	2.10	0.00	0.00
176.30	26.70	25.70	26.20	26.10	38.60	2.40	0.00	0.00
176.40	26.70	25.70	26.20	26.10	38.70	2.30	0.00	0.00
176.50	26.70	25.80	26.20	26.00	38.30	2.40	0.00	0.00
176.60	26.90	25.80	26.10	26.00	38.30	2.40	0.00	0.00
176.70	26.90	25.80	26.10	26.00	38.40	2.30	0.00	0.00
